0 1
0 3
0 4
0 5
0 6
0 7
0 8
0 9
0 11
0 12
0 15
0 16
0 17
0 18
0 19
0 21
0 22
0 23
0 24
0 25
0 26
0 27
0 29
0 30
0 32
0 33
0 34
0 35
0 36
0 37
0 39
0 40
0 41
0 42
0 43
0 44
0 45
0 46
0 49
0 50
0 52
0 53
0 54
0 55
0 56
0 57
0 58
0 61
0 62
0 63
0 65
0 66
0 67
0 68
0 69
0 72
0 73
0 75
0 76
0 77
0 79
0 80
0 81
0 82
0 83
0 85
0 86
0 87
0 88
0 89
0 91
0 92
0 93
0 94
0 96
0 99
1 6
1 7
1 8
1 11
1 20
1 24
1 34
1 39
1 48
1 61
1 62
1 67
1 71
1 72
1 78
1 80
1 83
1 86
1 90
1 96
1 99
2 3
2 6
2 15
2 16
2 23
2 31
2 36
2 41
2 44
2 54
2 60
2 66
2 77
2 79
2 85
2 91
2 92
3 4
3 5
3 6
3 7
3 8
3 9
3 10
3 11
3 12
3 13
3 14
3 15
3 16
3 17
3 18
3 19
3 21
3 22
3 23
3 24
3 25
3 26
3 27
3 28
3 29
3 30
3 31
3 32
3 33
3 34
3 35
3 36
3 37
3 38
3 40
3 41
3 42
3 43
3 44
3 45
3 46
3 47
3 48
3 49
3 50
3 51
3 52
3 53
3 54
3 55
3 56
3 58
3 59
3 60
3 61
3 62
3 63
3 64
3 65
3 66
3 67
3 68
3 69
3 70
3 71
3 72
3 73
3 74
3 75
3 76
3 77
3 78
3 79
3 80
3 81
3 82
3 83
3 84
3 85
3 86
3 88
3 89
3 90
3 91
3 92
3 93
3 94
3 95
3 96
3 97
3 98
3 99
4 5
4 6
4 7
4 8
4 9
4 10
4 11
4 12
4 13
4 14
4 15
4 16
4 17
4 18
4 19
4 21
4 22
4 24
4 25
4 26
4 27
4 28
4 29
4 30
4 31
4 32
4 35
4 37
4 38
4 39
4 41
4 42
4 43
4 44
4 46
4 47
4 48
4 49
4 50
4 52
4 53
4 54
4 55
4 56
4 57
4 59
4 60
4 63
4 64
4 65
4 66
4 67
4 68
4 69
4 70
4 71
4 72
4 73
4 74
4 75
4 76
4 77
4 79
4 80
4 81
4 82
4 83
4 84
4 85
4 87
4 89
4 90
4 91
4 92
4 96
4 98
4 99
5 6
5 7
5 8
5 9
5 11
5 12
5 13
5 14
5 15
5 16
5 17
5 19
5 20
5 21
5 22
5 23
5 24
5 25
5 26
5 27
5 30
5 32
5 33
5 35
5 37
5 38
5 39
5 40
5 41
5 42
5 43
5 44
5 45
5 46
5 47
5 48
5 49
5 50
5 51
5 52
5 53
5 54
5 56
5 57
5 58
5 59
5 60
5 61
5 62
5 63
5 64
5 65
5 66
5 68
5 69
5 70
5 71
5 72
5 74
5 75
5 77
5 78
5 79
5 81
5 84
5 86
5 89
5 90
5 91
5 92
5 93
5 94
5 95
5 96
5 98
6 7
6 8
6 9
6 10
6 11
6 14
6 16
6 17
6 19
6 21
6 22
6 23
6 24
6 25
6 27
6 29
6 30
6 32
6 34
6 36
6 38
6 40
6 42
6 43
6 44
6 46
6 47
6 48
6 49
6 50
6 51
6 53
6 55
6 56
6 57
6 58
6 60
6 62
6 63
6 64
6 66
6 68
6 69
6 70
6 71
6 72
6 73
6 74
6 75
6 78
6 79
6 80
6 81
6 82
6 83
6 84
6 85
6 86
6 87
6 89
6 90
6 92
6 93
6 94
6 96
6 97
7 9
7 11
7 12
7 13
7 15
7 16
7 17
7 18
7 19
7 20
7 21
7 22
7 23
7 24
7 25
7 27
7 28
7 31
7 32
7 33
7 34
7 35
7 36
7 37
7 41
7 42
7 43
7 45
7 47
7 48
7 49
7 50
7 51
7 53
7 54
7 56
7 57
7 58
7 59
7 62
7 63
7 64
7 67
7 72
7 73
7 74
7 75
7 76
7 77
7 78
7 80
7 81
7 82
7 84
7 85
7 86
7 90
7 91
7 93
7 94
7 96
7 97
7 98
8 9
8 10
8 15
8 16
8 18
8 19
8 20
8 21
8 24
8 25
8 26
8 27
8 30
8 31
8 32
8 33
8 35
8 37
8 38
8 39
8 40
8 41
8 42
8 43
8 44
8 46
8 47
8 48
8 49
8 50
8 53
8 54
8 55
8 57
8 58
8 60
8 61
8 62
8 63
8 66
8 67
8 69
8 70
8 72
8 73
8 75
8 76
8 78
8 79
8 80
8 82
8 83
8 84
8 86
8 87
8 89
8 91
8 92
8 93
8 94
8 98
9 15
9 17
9 23
9 27
9 29
9 31
9 38
9 39
9 40
9 43
9 47
9 56
9 59
9 64
9 68
9 69
9 72
9 74
9 75
9 76
9 78
9 86
10 33
10 50
10 52
10 54
10 57
10 62
10 66
10 79
10 82
10 89
11 29
11 37
11 55
11 71
11 78
12 13
12 14
12 15
12 16
12 17
12 18
12 19
12 20
12 21
12 22
12 23
12 24
12 25
12 27
12 28
12 29
12 30
12 31
12 32
12 33
12 34
12 35
12 36
12 37
12 38
12 39
12 40
12 41
12 42
12 43
12 44
12 45
12 46
12 47
12 48
12 49
12 50
12 51
12 52
12 53
12 54
12 55
12 56
12 57
12 58
12 59
12 60
12 61
12 62
12 63
12 64
12 65
12 66
12 67
12 68
12 69
12 70
12 71
12 72
12 73
12 74
12 75
12 76
12 77
12 78
12 80
12 81
12 83
12 84
12 85
12 86
12 87
12 88
12 89
12 91
12 92
12 93
12 94
12 95
12 96
12 97
12 98
12 99
13 22
13 31
13 58
13 79
13 83
13 85
13 89
13 92
13 99
14 15
14 16
14 17
14 18
14 19
14 20
14 22
14 23
14 24
14 25
14 26
14 27
14 28
14 29
14 30
14 31
14 34
14 35
14 36
14 38
14 39
14 40
14 41
14 42
14 45
14 46
14 47
14 49
14 50
14 51
14 52
14 54
14 55
14 56
14 57
14 60
14 61
14 62
14 63
14 64
14 65
14 66
14 67
14 68
14 69
14 71
14 72
14 73
14 74
14 76
14 77
14 78
14 79
14 80
14 81
14 82
14 83
14 84
14 85
14 86
14 87
14 88
14 89
14 90
14 91
14 92
14 93
14 94
14 95
14 96
14 97
14 99
15 31
15 33
15 34
15 39
15 43
15 57
15 66
15 67
15 68
15 73
16 20
16 23
16 33
16 35
16 36
16 42
16 45
16 53
16 66
16 73
16 75
16 78
16 80
16 95
17 18
17 19
17 20
17 21
17 23
17 24
17 25
17 26
17 28
17 29
17 30
17 31
17 32
17 33
17 34
17 35
17 36
17 37
17 38
17 39
17 40
17 41
17 42
17 44
17 45
17 46
17 47
17 48
17 49
17 50
17 51
17 52
17 53
17 54
17 55
17 56
17 57
17 58
17 60
17 61
17 62
17 63
17 64
17 65
17 66
17 67
17 68
17 69
17 70
17 71
17 72
17 73
17 74
17 75
17 77
17 78
17 79
17 80
17 81
17 83
17 84
17 85
17 86
17 87
17 88
17 89
17 90
17 91
17 92
17 93
17 94
17 95
17 96
17 97
17 98
17 99
18 19
18 20
18 22
18 23
18 24
18 25
18 26
18 27
18 28
18 29
18 30
18 31
18 33
18 34
18 35
18 38
18 39
18 40
18 42
18 43
18 44
18 45
18 46
18 50
18 52
18 53
18 54
18 55
18 58
18 60
18 61
18 62
18 63
18 65
18 68
18 70
18 72
18 73
18 78
18 79
18 81
18 82
18 83
18 84
18 85
18 86
18 87
18 89
18 92
18 93
18 94
18 96
18 99
19 20
19 21
19 23
19 24
19 25
19 26
19 27
19 28
19 29
19 30
19 31
19 32
19 33
19 34
19 35
19 36
19 37
19 38
19 39
19 40
19 41
19 42
19 44
19 46
19 47
19 48
19 49
19 50
19 54
19 55
19 56
19 57
19 60
19 61
19 62
19 64
19 67
19 68
19 69
19 70
19 71
19 72
19 73
19 74
19 76
19 77
19 79
19 80
19 81
19 82
19 83
19 84
19 85
19 86
19 87
19 88
19 89
19 90
19 91
19 92
19 93
19 94
19 95
19 98
20 40
20 45
20 47
20 70
20 78
20 91
20 95
20 96
20 97
20 99
21 22
21 23
21 24
21 26
21 27
21 28
21 30
21 32
21 33
21 34
21 35
21 36
21 39
21 40
21 42
21 43
21 44
21 45
21 47
21 48
21 49
21 50
21 51
21 52
21 53
21 54
21 55
21 56
21 58
21 59
21 61
21 63
21 64
21 65
21 67
21 68
21 69
21 70
21 71
21 72
21 73
21 74
21 75
21 78
21 79
21 81
21 82
21 83
21 84
21 86
21 89
21 90
21 92
21 93
21 95
21 97
21 99
22 24
22 25
22 29
22 36
22 38
22 42
22 44
22 45
22 47
22 50
22 53
22 56
22 58
22 61
22 63
22 67
22 68
22 71
22 72
22 73
22 77
22 85
22 88
22 90
22 91
22 96
22 98
23 63
23 79
23 89
24 25
24 26
24 27
24 28
24 30
24 33
24 50
24 51
24 59
24 61
24 62
24 63
24 64
24 65
24 67
24 75
24 79
24 80
24 83
24 84
24 85
24 86
24 94
25 29
25 32
25 40
25 43
25 45
25 46
25 47
25 48
25 52
25 56
25 61
25 68
25 71
25 77
25 78
25 80
25 82
25 84
25 85
25 99
26 35
26 40
26 49
26 51
26 52
26 55
26 82
26 88
27 28
27 30
27 31
27 32
27 33
27 35
27 36
27 37
27 38
27 39
27 40
27 41
27 42
27 43
27 44
27 45
27 46
27 47
27 48
27 49
27 50
27 51
27 52
27 53
27 54
27 55
27 56
27 57
27 58
27 59
27 61
27 63
27 64
27 65
27 66
27 67
27 68
27 69
27 70
27 71
27 72
27 73
27 74
27 75
27 76
27 77
27 79
27 80
27 83
27 84
27 85
27 86
27 88
27 89
27 90
27 91
27 92
27 93
27 94
27 95
27 96
27 97
28 29
28 30
28 35
28 38
28 39
28 41
28 44
28 46
28 49
28 56
28 61
28 62
28 63
28 68
28 70
28 71
28 75
28 78
28 80
28 81
28 84
28 85
28 86
28 87
28 88
28 89
28 90
28 93
28 94
29 30
29 31
29 32
29 33
29 36
29 37
29 38
29 39
29 40
29 41
29 42
29 43
29 44
29 45
29 46
29 47
29 48
29 49
29 50
29 51
29 52
29 53
29 54
29 55
29 56
29 57
29 58
29 59
29 60
29 61
29 62
29 63
29 64
29 65
29 66
29 67
29 68
29 69
29 70
29 71
29 72
29 73
29 74
29 75
29 76
29 77
29 78
29 79
29 80
29 81
29 82
29 83
29 84
29 85
29 86
29 87
29 88
29 89
29 90
29 91
29 92
29 93
29 94
29 95
29 96
29 97
29 98
29 99
30 31
30 32
30 34
30 35
30 36
30 38
30 39
30 40
30 41
30 42
30 43
30 44
30 45
30 46
30 47
30 48
30 49
30 51
30 53
30 55
30 56
30 58
30 59
30 60
30 61
30 63
30 64
30 65
30 66
30 67
30 68
30 69
30 70
30 71
30 72
30 73
30 74
30 76
30 79
30 80
30 81
30 82
30 83
30 84
30 85
30 86
30 87
30 88
30 90
30 91
30 92
30 93
30 95
30 96
30 97
31 32
31 33
31 34
31 35
31 36
31 37
31 38
31 39
31 40
31 41
31 42
31 43
31 44
31 45
31 46
31 47
31 48
31 49
31 50
31 51
31 52
31 53
31 54
31 55
31 56
31 57
31 58
31 59
31 60
31 61
31 62
31 63
31 64
31 65
31 66
31 67
31 68
31 69
31 70
31 71
31 72
31 73
31 74
31 75
31 76
31 77
31 78
31 79
31 80
31 81
31 82
31 83
31 84
31 85
31 86
31 87
31 88
31 89
31 90
31 91
31 92
31 93
31 94
31 95
31 96
31 97
31 98
31 99
32 47
32 51
32 54
32 55
32 57
32 60
32 61
32 66
32 67
32 69
32 70
32 71
32 82
32 83
32 84
32 87
32 88
32 89
32 90
32 94
33 36
33 37
33 38
33 41
33 44
33 45
33 46
33 47
33 54
33 56
33 58
33 59
33 61
33 62
33 67
33 68
33 70
33 71
33 72
33 74
33 75
33 78
33 79
33 80
33 84
33 85
33 86
33 87
33 88
33 89
33 93
33 95
33 99
34 35
34 36
34 37
34 38
34 39
34 40
34 43
34 44
34 45
34 46
34 48
34 49
34 50
34 51
34 52
34 53
34 55
34 56
34 57
34 58
34 59
34 60
34 61
34 62
34 63
34 65
34 66
34 67
34 70
34 71
34 72
34 73
34 74
34 76
34 77
34 78
34 79
34 80
34 81
34 82
34 83
34 84
34 85
34 89
34 90
34 91
34 92
34 93
34 94
34 95
34 96
34 98
34 99
35 36
35 37
35 38
35 39
35 40
35 41
35 42
35 43
35 44
35 45
35 46
35 47
35 48
35 49
35 50
35 51
35 53
35 55
35 56
35 57
35 58
35 59
35 60
35 61
35 62
35 64
35 65
35 66
35 67
35 68
35 69
35 70
35 71
35 72
35 73
35 74
35 75
35 77
35 78
35 79
35 80
35 81
35 83
35 84
35 85
35 86
35 87
35 88
35 89
35 90
35 91
35 92
35 93
35 94
35 95
35 96
35 97
35 98
35 99
36 43
36 51
36 55
36 62
36 63
36 66
36 67
36 72
36 76
36 77
37 52
37 54
37 76
37 91
38 40
38 60
38 61
38 66
38 70
38 81
38 89
39 40
39 41
39 43
39 44
39 45
39 46
39 47
39 48
39 49
39 50
39 51
39 52
39 53
39 54
39 55
39 56
39 58
39 59
39 62
39 63
39 64
39 65
39 66
39 67
39 69
39 70
39 71
39 72
39 73
39 74
39 75
39 76
39 77
39 78
39 80
39 81
39 82
39 83
39 84
39 87
39 88
39 89
39 90
39 94
39 96
39 97
39 98
39 99
40 46
40 49
40 51
40 58
40 61
40 63
40 64
40 66
40 67
40 68
40 70
40 75
40 76
40 84
40 85
40 86
40 90
40 99
41 42
41 44
41 45
41 49
41 52
41 53
41 56
41 59
41 60
41 66
41 69
41 71
41 72
41 75
41 76
41 77
41 79
41 80
41 81
41 82
41 85
41 86
41 87
41 90
41 93
41 95
41 96
41 97
41 99
42 43
42 44
42 46
42 47
42 48
42 49
42 51
42 52
42 53
42 57
42 58
42 59
42 60
42 61
42 63
42 64
42 65
42 68
42 69
42 70
42 71
42 72
42 73
42 74
42 77
42 78
42 80
42 81
42 87
42 88
42 89
42 91
42 92
42 94
42 96
42 97
42 98
42 99
43 67
44 45
44 46
44 47
44 48
44 49
44 50
44 51
44 52
44 53
44 54
44 55
44 56
44 57
44 58
44 59
44 60
44 61
44 62
44 63
44 64
44 65
44 66
44 67
44 68
44 69
44 70
44 71
44 72
44 73
44 74
44 75
44 76
44 77
44 78
44 79
44 80
44 81
44 82
44 83
44 84
44 85
44 86
44 87
44 88
44 89
44 90
44 91
44 92
44 93
44 94
44 95
44 96
44 97
44 98
44 99
45 55
45 61
45 81
45 82
45 85
45 92
46 69
46 73
46 90
47 48
47 49
47 50
47 52
47 53
47 56
47 57
47 58
47 59
47 60
47 61
47 62
47 63
47 64
47 66
47 68
47 69
47 71
47 72
47 73
47 74
47 75
47 76
47 77
47 79
47 80
47 81
47 82
47 83
47 84
47 87
47 88
47 89
47 90
47 91
47 92
47 93
47 94
47 96
47 97
47 98
47 99
48 50
48 56
48 61
48 65
48 77
48 78
48 81
48 91
48 94
48 95
48 96
48 98
49 58
49 67
49 70
49 72
49 75
49 83
49 86
49 93
49 98
50 51
50 52
50 53
50 54
50 55
50 56
50 57
50 58
50 59
50 60
50 61
50 62
50 63
50 64
50 65
50 66
50 67
50 68
50 69
50 70
50 71
50 72
50 73
50 74
50 75
50 76
50 77
50 78
50 79
50 80
50 82
50 83
50 84
50 85
50 86
50 87
50 88
50 89
50 90
50 91
50 92
50 93
50 94
50 95
50 96
50 97
50 98
50 99
51 52
51 53
51 54
51 55
51 56
51 58
51 59
51 61
51 63
51 64
51 65
51 67
51 68
51 71
51 72
51 73
51 74
51 76
51 77
51 79
51 83
51 86
51 87
51 88
51 89
51 91
51 92
51 94
51 95
51 96
51 97
51 98
52 53
52 54
52 57
52 58
52 59
52 61
52 62
52 65
52 66
52 68
52 73
52 74
52 75
52 76
52 77
52 79
52 80
52 81
52 82
52 85
52 87
52 88
52 89
52 90
52 91
52 92
52 93
52 95
52 97
52 99
53 54
53 55
53 56
53 57
53 58
53 60
53 62
53 63
53 64
53 65
53 68
53 71
53 72
53 73
53 74
53 75
53 77
53 78
53 79
53 81
53 83
53 84
53 86
53 88
53 89
53 91
53 93
53 94
53 95
53 96
53 97
53 98
53 99
54 55
54 56
54 57
54 58
54 60
54 61
54 62
54 63
54 65
54 66
54 68
54 69
54 70
54 71
54 72
54 73
54 74
54 75
54 76
54 77
54 78
54 79
54 80
54 81
54 82
54 83
54 84
54 85
54 86
54 87
54 89
54 90
54 91
54 92
54 93
54 94
54 95
54 96
54 97
54 98
54 99
55 59
55 61
55 62
55 63
55 70
55 72
55 74
55 78
55 86
55 90
55 91
55 93
55 95
55 96
56 57
56 58
56 60
56 61
56 62
56 63
56 64
56 65
56 66
56 67
56 68
56 69
56 71
56 72
56 74
56 75
56 76
56 77
56 78
56 79
56 80
56 81
56 82
56 84
56 85
56 86
56 87
56 88
56 89
56 90
56 91
56 92
56 93
56 94
56 95
56 96
56 97
56 98
56 99
57 58
57 59
57 60
57 61
57 63
57 64
57 65
57 66
57 67
57 68
57 70
57 71
57 72
57 73
57 74
57 76
57 77
57 78
57 79
57 80
57 81
57 82
57 83
57 84
57 85
57 86
57 87
57 88
57 89
57 91
57 92
57 93
57 94
57 95
57 96
57 97
57 98
57 99
58 59
58 62
58 64
58 65
58 66
58 67
58 68
58 69
58 70
58 71
58 72
58 73
58 74
58 75
58 76
58 78
58 80
58 81
58 83
58 84
58 85
58 86
58 87
58 91
58 92
58 93
58 95
58 96
58 99
59 68
59 69
59 83
59 96
60 61
60 64
60 65
60 66
60 71
60 72
60 73
60 75
60 76
60 78
60 80
60 81
60 82
60 83
60 84
60 86
60 87
60 90
60 91
60 93
60 94
60 96
60 97
60 98
61 63
61 65
61 67
61 69
61 70
61 71
61 72
61 73
61 74
61 75
61 76
61 77
61 78
61 79
61 81
61 82
61 83
61 84
61 86
61 87
61 90
61 91
61 92
61 93
61 94
61 95
61 96
61 97
61 98
61 99
62 65
62 66
62 67
62 68
62 70
62 71
62 72
62 75
62 77
62 78
62 80
62 81
62 82
62 83
62 84
62 85
62 86
62 87
62 88
62 89
62 92
62 94
62 95
62 97
62 98
63 64
63 65
63 66
63 67
63 68
63 69
63 70
63 71
63 72
63 73
63 74
63 75
63 76
63 77
63 78
63 79
63 83
63 87
63 89
63 90
63 91
63 92
63 93
63 94
63 95
63 96
63 97
63 98
63 99
64 76
64 77
64 78
64 80
64 82
64 84
64 87
64 90
64 92
65 66
65 67
65 68
65 69
65 70
65 71
65 72
65 73
65 74
65 75
65 76
65 77
65 78
65 79
65 80
65 81
65 82
65 83
65 84
65 85
65 86
65 87
65 88
65 89
65 90
65 91
65 92
65 93
65 94
65 95
65 96
65 97
65 98
65 99
66 67
66 68
66 69
66 70
66 72
66 73
66 74
66 75
66 76
66 77
66 78
66 79
66 80
66 82
66 83
66 84
66 85
66 86
66 87
66 88
66 89
66 90
66 91
66 92
66 93
66 94
66 95
66 96
66 97
66 99
67 68
67 71
67 89
67 90
67 92
68 71
68 76
68 78
68 82
68 83
68 84
68 85
68 87
68 88
68 89
68 90
68 92
68 93
68 94
68 95
68 96
68 99
69 73
69 77
69 96
70 72
70 82
70 86
70 90
70 92
70 98
71 74
71 76
71 77
71 78
71 79
71 80
71 83
71 84
71 85
71 86
71 88
71 89
71 91
71 94
71 95
71 96
71 97
71 98
71 99
72 73
72 74
72 75
72 78
72 80
72 81
72 82
72 84
72 86
72 87
72 88
72 89
72 90
72 91
72 92
72 94
72 95
72 96
72 97
72 99
73 75
73 78
73 79
73 80
73 82
73 84
73 85
73 90
74 75
74 86
74 88
74 89
74 90
74 93
74 95
74 97
75 81
75 85
75 88
75 93
75 96
76 77
76 78
76 79
76 80
76 81
76 82
76 83
76 84
76 85
76 87
76 89
76 90
76 91
76 92
76 93
76 94
76 95
76 96
76 97
76 98
76 99
77 78
77 79
77 80
77 81
77 82
77 83
77 85
77 86
77 87
77 88
77 92
77 93
77 94
77 96
77 97
77 98
77 99
78 80
78 82
78 84
78 85
78 86
78 89
78 93
78 94
78 95
78 96
78 97
78 98
79 80
79 82
79 85
79 88
79 89
79 90
79 91
79 92
79 93
80 82
80 83
80 84
80 85
80 87
80 88
80 89
80 90
80 92
80 95
80 96
80 98
80 99
81 83
81 84
81 88
81 89
81 91
81 93
81 95
81 96
81 97
81 98
82 84
82 85
82 86
82 89
82 91
82 94
82 95
82 96
82 97
82 98
82 99
83 84
83 85
83 86
83 90
83 91
83 92
83 94
83 95
83 96
83 99
84 88
84 89
84 92
84 94
84 97
84 99
85 89
85 90
85 92
85 93
85 94
85 95
85 96
85 99
86 90
86 95
87 99
88 89
88 90
88 91
88 92
88 93
88 94
88 95
88 96
88 97
88 98
88 99
89 90
89 91
89 92
89 93
89 94
89 95
89 96
89 97
89 98
90 91
90 92
90 93
90 94
90 95
90 96
90 97
90 98
90 99
91 93
92 93
92 95
92 96
92 99
93 94
93 95
93 97
93 98
94 99
95 98
96 98
97 98
97 99
98 99
