0 8
0 25
0 26
0 29
0 63
1 2
1 5
1 6
1 7
1 9
1 10
1 11
1 12
1 13
1 15
1 16
1 17
1 18
1 20
1 21
1 22
1 23
1 25
1 26
1 27
1 28
1 29
1 30
1 32
1 33
1 34
1 35
1 37
1 38
1 39
1 40
1 41
1 42
1 43
1 44
1 45
1 46
1 47
1 49
1 50
1 51
1 54
1 55
1 56
1 57
1 59
1 60
1 62
1 63
1 64
1 65
1 66
1 67
1 68
1 69
1 70
1 71
1 72
1 73
1 75
1 76
1 77
1 78
1 80
1 81
1 82
1 83
1 84
1 85
1 87
1 88
1 91
1 92
1 94
1 95
1 96
1 97
1 98
1 99
2 3
2 8
2 9
2 10
2 11
2 14
2 15
2 20
2 21
2 22
2 30
2 31
2 32
2 34
2 36
2 37
2 44
2 55
2 59
2 61
2 69
2 70
2 72
2 77
2 81
2 86
2 88
2 95
2 97
3 6
3 8
3 9
3 11
3 14
3 19
3 20
3 21
3 22
3 24
3 27
3 28
3 30
3 32
3 35
3 36
3 38
3 42
3 44
3 47
3 49
3 53
3 55
3 57
3 59
3 63
3 65
3 67
3 68
3 70
3 71
3 72
3 74
3 75
3 76
3 78
3 80
3 81
3 82
3 84
3 88
3 89
3 90
3 93
3 94
3 99
4 28
4 38
4 55
4 61
4 68
4 77
4 83
4 84
4 86
4 96
4 97
5 6
5 9
5 13
5 15
5 16
5 31
5 41
5 51
5 64
5 65
5 69
5 89
5 90
5 95
5 99
6 7
6 8
6 9
6 20
6 25
6 31
6 37
6 39
6 46
6 50
6 51
6 56
6 60
6 62
6 67
6 69
6 73
6 74
6 78
6 85
6 89
6 91
6 92
7 8
7 10
7 11
7 12
7 19
7 20
7 21
7 24
7 25
7 26
7 27
7 29
7 30
7 33
7 34
7 36
7 38
7 41
7 43
7 44
7 45
7 46
7 47
7 49
7 50
7 51
7 53
7 57
7 61
7 65
7 66
7 69
7 74
7 77
7 78
7 80
7 82
7 83
7 84
7 86
7 88
7 90
7 92
7 95
7 97
7 98
8 9
8 10
8 11
8 12
8 13
8 14
8 15
8 16
8 17
8 18
8 19
8 20
8 21
8 22
8 23
8 24
8 25
8 26
8 27
8 28
8 29
8 31
8 32
8 33
8 34
8 35
8 36
8 37
8 38
8 39
8 40
8 41
8 43
8 44
8 45
8 46
8 47
8 48
8 49
8 50
8 51
8 52
8 53
8 54
8 55
8 56
8 57
8 58
8 59
8 60
8 61
8 62
8 63
8 64
8 65
8 66
8 68
8 69
8 70
8 71
8 72
8 73
8 74
8 75
8 76
8 77
8 78
8 79
8 80
8 81
8 82
8 83
8 84
8 85
8 86
8 87
8 88
8 89
8 90
8 91
8 92
8 93
8 94
8 95
8 96
8 97
8 98
8 99
9 11
9 15
9 20
9 21
9 25
9 30
9 39
9 40
9 48
9 52
9 53
9 57
9 59
9 60
9 63
9 69
9 72
9 81
9 85
9 86
9 90
9 92
10 11
10 19
10 20
10 21
10 35
10 39
10 68
10 75
10 82
10 97
11 12
11 13
11 15
11 16
11 17
11 18
11 19
11 20
11 22
11 23
11 24
11 25
11 31
11 32
11 33
11 34
11 35
11 36
11 37
11 38
11 43
11 45
11 46
11 48
11 50
11 53
11 54
11 57
11 58
11 62
11 64
11 65
11 66
11 73
11 78
11 80
11 83
11 84
11 85
11 86
11 88
11 90
11 91
11 92
11 93
11 94
11 95
11 98
11 99
12 13
12 14
12 16
12 19
12 23
12 25
12 27
12 28
12 29
12 31
12 32
12 33
12 34
12 35
12 36
12 37
12 38
12 39
12 42
12 43
12 44
12 46
12 48
12 50
12 52
12 53
12 57
12 59
12 60
12 61
12 62
12 63
12 64
12 66
12 67
12 71
12 74
12 75
12 80
12 84
12 86
12 87
12 88
12 89
12 90
12 91
12 92
12 94
12 95
12 98
13 55
13 63
14 15
14 16
14 17
14 19
14 21
14 23
14 24
14 25
14 26
14 27
14 28
14 29
14 30
14 31
14 33
14 34
14 35
14 36
14 37
14 38
14 39
14 40
14 41
14 42
14 43
14 44
14 45
14 47
14 48
14 49
14 50
14 51
14 52
14 53
14 54
14 55
14 56
14 58
14 59
14 60
14 61
14 62
14 63
14 65
14 66
14 67
14 68
14 69
14 71
14 72
14 73
14 74
14 75
14 76
14 77
14 78
14 79
14 80
14 81
14 82
14 83
14 84
14 86
14 87
14 88
14 89
14 90
14 91
14 92
14 93
14 94
14 95
14 96
14 97
14 98
14 99
15 16
15 17
15 19
15 20
15 21
15 22
15 23
15 24
15 25
15 26
15 27
15 28
15 29
15 30
15 32
15 33
15 34
15 37
15 38
15 39
15 40
15 41
15 42
15 43
15 44
15 45
15 47
15 48
15 49
15 50
15 51
15 52
15 53
15 54
15 55
15 58
15 59
15 60
15 61
15 62
15 63
15 64
15 65
15 67
15 68
15 69
15 70
15 71
15 72
15 73
15 74
15 75
15 76
15 77
15 78
15 79
15 80
15 81
15 83
15 84
15 85
15 86
15 87
15 88
15 89
15 90
15 92
15 93
15 94
15 95
15 99
16 17
16 18
16 19
16 20
16 22
16 24
16 25
16 28
16 29
16 30
16 31
16 32
16 33
16 35
16 36
16 37
16 38
16 40
16 43
16 44
16 45
16 46
16 47
16 49
16 50
16 52
16 53
16 54
16 55
16 59
16 61
16 62
16 63
16 64
16 65
16 66
16 67
16 68
16 70
16 71
16 72
16 73
16 75
16 77
16 79
16 80
16 81
16 84
16 85
16 86
16 87
16 88
16 89
16 90
16 92
16 94
16 95
16 96
16 97
16 98
16 99
17 20
17 21
17 23
17 24
17 25
17 27
17 29
17 30
17 33
17 34
17 42
17 45
17 46
17 48
17 49
17 51
17 52
17 56
17 58
17 61
17 62
17 63
17 64
17 65
17 66
17 69
17 72
17 73
17 74
17 75
17 76
17 77
17 78
17 85
17 86
17 88
17 91
17 94
17 96
17 98
17 99
18 22
18 23
18 26
18 27
18 28
18 29
18 37
18 38
18 39
18 41
18 42
18 44
18 45
18 53
18 54
18 57
18 58
18 60
18 62
18 64
18 65
18 66
18 69
18 70
18 72
18 73
18 74
18 75
18 77
18 78
18 80
18 83
18 85
18 87
18 88
18 89
18 94
18 98
19 20
19 21
19 22
19 23
19 24
19 25
19 26
19 27
19 28
19 29
19 30
19 32
19 35
19 37
19 38
19 39
19 40
19 43
19 44
19 47
19 48
19 50
19 51
19 53
19 54
19 55
19 56
19 57
19 61
19 62
19 63
19 65
19 67
19 68
19 70
19 71
19 75
19 76
19 77
19 81
19 82
19 85
19 86
19 87
19 88
19 89
19 90
19 93
19 95
19 97
19 98
19 99
20 23
20 29
20 31
20 36
20 39
20 41
20 48
20 49
20 59
20 64
20 68
20 72
20 81
20 89
20 95
20 96
21 23
21 27
21 43
21 45
21 51
21 52
21 63
21 70
21 78
21 79
21 80
21 81
21 85
21 89
21 91
22 23
22 24
22 30
22 31
22 32
22 34
22 36
22 37
22 38
22 39
22 40
22 43
22 44
22 45
22 47
22 50
22 53
22 56
22 58
22 60
22 61
22 62
22 63
22 64
22 68
22 71
22 75
22 77
22 79
22 83
22 85
22 87
22 88
22 90
22 95
22 98
22 99
23 25
23 26
23 27
23 28
23 30
23 32
23 35
23 40
23 42
23 44
23 46
23 48
23 53
23 55
23 58
23 60
23 61
23 67
23 76
23 81
23 82
23 83
23 84
23 85
23 89
23 90
23 92
23 94
23 95
23 97
24 25
24 27
24 28
24 30
24 32
24 34
24 35
24 36
24 38
24 39
24 40
24 41
24 44
24 46
24 47
24 49
24 50
24 51
24 53
24 54
24 55
24 56
24 57
24 58
24 59
24 61
24 62
24 64
24 65
24 66
24 67
24 69
24 70
24 71
24 73
24 75
24 76
24 78
24 80
24 81
24 82
24 83
24 85
24 86
24 87
24 88
24 90
24 91
24 92
24 93
24 94
24 95
24 97
24 98
24 99
25 29
25 30
25 32
25 33
25 34
25 35
25 37
25 40
25 42
25 45
25 46
25 47
25 49
25 50
25 51
25 55
25 57
25 59
25 60
25 61
25 63
25 65
25 66
25 67
25 68
25 72
25 75
25 81
25 83
25 86
25 87
25 89
25 90
25 96
25 98
26 27
26 28
26 29
26 30
26 32
26 33
26 34
26 35
26 37
26 38
26 39
26 40
26 41
26 42
26 43
26 45
26 46
26 47
26 48
26 49
26 50
26 51
26 54
26 55
26 56
26 59
26 61
26 62
26 63
26 64
26 65
26 66
26 67
26 69
26 70
26 71
26 72
26 73
26 74
26 75
26 76
26 77
26 79
26 80
26 81
26 82
26 83
26 84
26 85
26 86
26 89
26 91
26 92
26 93
26 94
26 95
26 97
26 98
26 99
27 31
27 32
27 34
27 35
27 36
27 37
27 39
27 40
27 41
27 42
27 43
27 44
27 45
27 46
27 50
27 51
27 54
27 57
27 58
27 59
27 62
27 68
27 69
27 71
27 72
27 73
27 74
27 75
27 76
27 78
27 80
27 81
27 82
27 84
27 86
27 87
27 88
27 89
27 90
27 91
27 92
27 93
27 94
27 95
27 96
27 97
27 98
28 33
28 34
28 35
28 37
28 39
28 40
28 46
28 48
28 51
28 52
28 56
28 58
28 61
28 63
28 64
28 66
28 67
28 68
28 70
28 71
28 81
28 82
28 83
28 86
28 91
28 96
28 98
29 41
29 43
29 52
29 54
29 58
29 59
29 71
29 80
29 83
29 93
30 58
30 61
30 83
30 91
30 95
31 34
31 35
31 36
31 37
31 38
31 39
31 40
31 41
31 42
31 43
31 44
31 46
31 47
31 49
31 50
31 51
31 52
31 54
31 55
31 56
31 58
31 59
31 60
31 61
31 62
31 63
31 64
31 65
31 66
31 67
31 68
31 70
31 72
31 73
31 74
31 75
31 76
31 77
31 78
31 79
31 82
31 84
31 85
31 86
31 87
31 88
31 90
31 91
31 92
31 93
31 94
31 95
31 96
31 97
31 99
32 33
32 41
32 57
32 58
32 66
32 70
32 82
32 94
33 35
33 36
33 37
33 41
33 42
33 43
33 45
33 47
33 49
33 50
33 51
33 52
33 53
33 54
33 59
33 60
33 61
33 65
33 66
33 67
33 68
33 69
33 70
33 73
33 75
33 76
33 78
33 79
33 83
33 84
33 85
33 86
33 87
33 89
33 90
33 92
33 96
33 97
33 98
33 99
34 37
34 42
34 46
34 66
34 72
34 77
34 80
34 87
34 90
35 36
35 37
35 40
35 42
35 45
35 52
35 56
35 57
35 58
35 60
35 61
35 63
35 68
35 69
35 71
35 72
35 73
35 78
35 80
35 82
35 87
35 88
35 89
35 90
35 93
35 94
35 95
35 96
35 99
36 39
36 41
36 43
36 45
36 47
36 48
36 49
36 51
36 52
36 53
36 55
36 56
36 57
36 58
36 59
36 60
36 61
36 62
36 64
36 66
36 67
36 69
36 71
36 72
36 73
36 75
36 76
36 77
36 78
36 80
36 83
36 84
36 85
36 89
36 92
36 93
36 94
36 95
36 96
36 97
36 98
36 99
37 94
37 95
38 41
38 42
38 44
38 45
38 49
38 50
38 51
38 52
38 53
38 54
38 55
38 56
38 58
38 60
38 67
38 68
38 69
38 72
38 73
38 76
38 77
38 79
38 82
38 83
38 84
38 86
38 91
38 94
38 95
38 96
39 40
39 41
39 43
39 44
39 45
39 47
39 48
39 49
39 50
39 52
39 53
39 54
39 56
39 58
39 59
39 61
39 62
39 64
39 65
39 66
39 67
39 68
39 69
39 70
39 72
39 74
39 76
39 77
39 78
39 79
39 81
39 82
39 83
39 84
39 86
39 87
39 89
39 90
39 91
39 92
39 93
39 95
39 96
39 98
39 99
40 46
40 58
40 60
40 78
40 97
41 74
41 78
42 44
42 45
42 46
42 47
42 49
42 50
42 51
42 53
42 54
42 55
42 56
42 57
42 58
42 59
42 61
42 63
42 64
42 67
42 68
42 69
42 70
42 71
42 73
42 74
42 75
42 77
42 78
42 79
42 80
42 82
42 83
42 84
42 87
42 92
42 96
42 97
42 98
43 44
43 46
43 47
43 48
43 49
43 50
43 51
43 52
43 53
43 54
43 55
43 56
43 57
43 58
43 59
43 60
43 61
43 62
43 63
43 64
43 65
43 66
43 67
43 68
43 69
43 70
43 71
43 72
43 73
43 74
43 75
43 76
43 78
43 79
43 80
43 81
43 82
43 83
43 84
43 85
43 86
43 87
43 88
43 89
43 90
43 91
43 92
43 94
43 95
43 96
43 97
43 98
43 99
44 49
44 50
44 51
44 54
44 58
44 63
44 74
44 78
44 81
44 82
44 84
44 87
44 94
45 54
45 57
45 59
45 63
45 67
45 70
45 71
45 72
45 73
45 78
45 80
45 81
45 82
45 83
45 84
45 88
45 89
45 90
45 92
45 93
45 94
45 99
46 47
46 50
46 53
46 55
46 56
46 57
46 60
46 62
46 65
46 69
46 71
46 73
46 74
46 80
46 82
46 87
46 92
46 96
47 48
47 49
47 50
47 51
47 52
47 53
47 54
47 55
47 56
47 57
47 58
47 59
47 60
47 62
47 63
47 64
47 65
47 66
47 67
47 68
47 69
47 70
47 71
47 73
47 74
47 75
47 76
47 77
47 78
47 79
47 80
47 81
47 82
47 83
47 84
47 85
47 86
47 87
47 88
47 89
47 90
47 91
47 92
47 93
47 94
47 95
47 96
47 97
47 98
48 49
48 50
48 51
48 52
48 53
48 54
48 55
48 56
48 57
48 58
48 59
48 60
48 61
48 62
48 63
48 64
48 65
48 66
48 67
48 68
48 69
48 70
48 71
48 72
48 73
48 74
48 75
48 76
48 77
48 78
48 79
48 80
48 81
48 82
48 83
48 84
48 85
48 86
48 87
48 88
48 89
48 90
48 91
48 92
48 93
48 94
48 95
48 96
48 97
48 98
48 99
49 52
49 54
49 55
49 64
49 65
49 66
49 67
49 68
49 70
49 72
49 73
49 74
49 76
49 77
49 78
49 80
49 81
49 82
49 84
49 85
49 86
49 88
49 89
49 91
49 92
49 95
49 97
49 98
50 55
50 58
50 59
50 63
50 64
50 65
50 66
50 67
50 69
50 70
50 71
50 72
50 74
50 76
50 78
50 79
50 84
50 85
50 90
50 91
50 94
50 99
51 52
51 53
51 54
51 55
51 58
51 59
51 62
51 64
51 65
51 66
51 67
51 68
51 69
51 70
51 71
51 72
51 73
51 75
51 76
51 77
51 79
51 80
51 81
51 82
51 84
51 85
51 86
51 87
51 88
51 89
51 90
51 91
51 94
51 96
51 97
51 98
51 99
52 53
52 54
52 55
52 56
52 57
52 58
52 59
52 61
52 62
52 66
52 67
52 69
52 70
52 71
52 72
52 73
52 75
52 76
52 78
52 80
52 82
52 84
52 86
52 87
52 88
52 89
52 90
52 91
52 92
52 93
52 94
52 95
52 96
52 97
52 98
52 99
53 54
53 57
53 60
53 62
53 63
53 65
53 66
53 67
53 68
53 69
53 70
53 72
53 74
53 78
53 79
53 80
53 83
53 86
53 87
53 88
53 89
53 92
53 93
53 94
53 95
53 96
53 97
53 98
53 99
54 55
54 57
54 59
54 60
54 61
54 62
54 64
54 65
54 66
54 68
54 70
54 71
54 74
54 75
54 79
54 80
54 82
54 84
54 85
54 86
54 87
54 89
54 90
54 91
54 92
54 93
54 94
54 95
54 97
54 99
55 56
55 65
55 68
55 70
55 79
55 82
55 85
55 96
55 99
56 57
56 63
56 68
56 69
56 76
56 78
56 81
56 84
56 90
56 91
56 92
56 95
57 58
57 59
57 61
57 62
57 63
57 64
57 65
57 66
57 67
57 68
57 69
57 70
57 71
57 74
57 75
57 77
57 80
57 81
57 82
57 83
57 84
57 85
57 86
57 87
57 88
57 89
57 90
57 92
57 95
57 96
57 97
57 98
57 99
58 59
58 60
58 61
58 62
58 63
58 64
58 65
58 66
58 67
58 68
58 69
58 70
58 71
58 72
58 73
58 74
58 75
58 76
58 77
58 78
58 79
58 80
58 81
58 82
58 83
58 84
58 85
58 86
58 87
58 88
58 89
58 90
58 91
58 92
58 93
58 94
58 95
58 96
58 97
58 98
58 99
59 68
59 83
60 61
60 65
60 67
60 70
60 73
60 74
60 77
60 79
60 81
60 82
60 84
60 85
60 86
60 87
60 89
60 90
60 93
60 95
60 96
60 98
60 99
61 63
61 64
61 66
61 76
61 77
61 79
61 81
61 84
61 87
61 89
61 97
62 74
63 73
63 76
64 66
64 70
64 72
64 73
64 75
64 77
64 83
64 85
64 86
64 88
64 91
64 92
64 94
64 96
65 67
65 68
65 77
65 78
65 86
65 88
65 89
65 93
65 95
66 67
66 73
66 80
66 99
67 68
67 72
67 73
67 76
67 80
67 82
67 83
67 84
67 86
67 90
68 70
68 72
68 77
68 82
68 85
68 86
68 88
68 94
69 71
69 77
69 82
69 85
69 88
69 96
69 98
69 99
70 71
70 74
70 75
70 76
70 77
70 78
70 79
70 81
70 82
70 83
70 84
70 85
70 87
70 93
70 94
70 96
70 97
70 98
70 99
71 73
71 74
71 75
71 76
71 77
71 78
71 79
71 81
71 82
71 83
71 84
71 85
71 86
71 87
71 88
71 89
71 90
71 91
71 92
71 93
71 96
71 97
71 98
71 99
72 73
72 75
72 77
72 79
72 82
72 83
72 84
72 85
72 86
72 89
72 92
72 93
72 95
72 98
73 75
73 76
73 77
73 78
73 79
73 80
73 81
73 82
73 83
73 84
73 85
73 87
73 88
73 89
73 90
73 91
73 92
73 93
73 94
73 95
73 96
73 97
73 98
73 99
74 88
74 97
74 98
74 99
75 77
75 78
75 79
75 81
75 82
75 83
75 84
75 86
75 88
75 90
75 91
75 92
75 95
75 96
75 97
75 99
76 77
76 78
76 79
76 80
76 81
76 82
76 83
76 84
76 85
76 86
76 87
76 88
76 89
76 90
76 91
76 92
76 93
76 94
76 95
76 96
76 97
76 98
77 79
77 86
77 88
77 93
77 94
77 97
78 84
78 94
79 80
79 81
79 82
79 83
79 84
79 85
79 86
79 87
79 88
79 89
79 90
79 91
79 92
79 93
79 94
79 95
79 96
79 97
79 98
79 99
80 81
80 82
80 83
80 84
80 85
80 86
80 88
80 89
80 90
80 91
80 93
80 94
80 95
80 96
80 97
80 98
80 99
81 82
81 85
81 87
81 89
81 91
81 92
81 94
81 97
82 83
82 84
82 85
82 86
82 88
82 89
82 91
82 92
82 93
82 95
82 96
82 97
82 98
82 99
83 85
83 89
83 99
84 86
84 89
84 90
84 93
84 94
84 95
84 98
84 99
85 86
85 87
85 88
85 90
85 91
85 93
85 94
85 96
85 97
85 99
86 87
86 89
86 92
86 93
86 94
86 96
86 97
86 98
86 99
87 89
87 91
87 92
87 93
87 94
87 96
87 97
87 99
88 89
88 90
89 90
89 91
89 94
89 98
90 93
90 94
90 96
90 99
91 92
91 93
91 94
91 95
91 97
91 98
91 99
92 96
93 94
93 95
93 96
93 97
93 98
93 99
94 95
94 96
94 97
94 98
94 99
95 96
95 97
95 98
96 97
97 99
98 99
