0 2
0 6
0 7
0 8
0 12
0 14
0 17
0 22
0 24
0 30
0 33
0 34
0 37
0 39
0 42
0 43
0 45
0 46
0 52
0 53
0 57
0 58
0 59
0 61
0 63
0 64
0 65
0 66
0 67
0 68
0 69
0 70
0 72
0 74
0 76
0 77
0 80
0 87
0 88
0 92
0 97
0 98
1 2
1 3
1 4
1 5
1 6
1 7
1 8
1 9
1 10
1 11
1 12
1 13
1 14
1 15
1 16
1 17
1 18
1 19
1 20
1 21
1 22
1 23
1 24
1 25
1 26
1 27
1 28
1 29
1 30
1 33
1 34
1 35
1 36
1 37
1 38
1 39
1 40
1 41
1 42
1 43
1 44
1 45
1 46
1 47
1 48
1 49
1 50
1 51
1 52
1 53
1 54
1 55
1 56
1 57
1 58
1 59
1 60
1 61
1 62
1 63
1 64
1 65
1 66
1 68
1 69
1 70
1 71
1 72
1 73
1 74
1 75
1 76
1 77
1 78
1 79
1 80
1 81
1 82
1 83
1 84
1 85
1 86
1 87
1 88
1 89
1 90
1 91
1 92
1 93
1 94
1 95
1 96
1 97
1 98
1 99
2 3
2 5
2 6
2 7
2 9
2 10
2 11
2 12
2 13
2 14
2 15
2 16
2 17
2 18
2 19
2 20
2 22
2 23
2 24
2 26
2 27
2 28
2 29
2 30
2 31
2 32
2 34
2 35
2 36
2 37
2 38
2 39
2 40
2 41
2 42
2 43
2 44
2 45
2 47
2 48
2 49
2 52
2 53
2 54
2 55
2 56
2 57
2 58
2 60
2 61
2 62
2 63
2 64
2 65
2 66
2 69
2 71
2 75
2 76
2 77
2 78
2 79
2 80
2 81
2 82
2 83
2 84
2 85
2 86
2 87
2 88
2 89
2 90
2 92
2 93
2 94
2 95
2 97
2 98
2 99
3 6
3 10
3 14
3 15
3 16
3 18
3 21
3 22
3 23
3 24
3 25
3 26
3 27
3 28
3 30
3 31
3 33
3 35
3 37
3 38
3 40
3 42
3 44
3 46
3 47
3 49
3 50
3 52
3 53
3 55
3 56
3 57
3 60
3 61
3 62
3 65
3 67
3 70
3 73
3 76
3 77
3 81
3 86
3 89
3 90
3 92
3 94
3 95
3 98
3 99
4 8
4 11
4 29
4 33
4 38
4 43
4 55
4 62
4 67
4 72
4 79
4 89
4 92
4 94
4 96
5 11
5 12
5 13
5 14
5 15
5 16
5 18
5 19
5 23
5 26
5 27
5 28
5 29
5 31
5 32
5 34
5 35
5 36
5 37
5 38
5 40
5 43
5 45
5 48
5 49
5 50
5 52
5 54
5 58
5 59
5 62
5 65
5 67
5 68
5 71
5 72
5 73
5 74
5 76
5 77
5 79
5 80
5 83
5 84
5 85
5 86
5 87
5 89
5 90
5 91
5 92
5 93
5 94
5 98
5 99
6 8
6 9
6 10
6 13
6 14
6 15
6 22
6 23
6 27
6 28
6 29
6 30
6 31
6 32
6 33
6 34
6 35
6 37
6 41
6 43
6 44
6 46
6 47
6 50
6 51
6 52
6 55
6 56
6 57
6 58
6 59
6 60
6 66
6 67
6 68
6 70
6 72
6 73
6 81
6 83
6 86
6 87
6 88
6 90
6 93
6 95
6 96
6 97
6 98
7 9
7 12
7 13
7 15
7 17
7 18
7 19
7 23
7 30
7 35
7 36
7 63
7 64
7 69
7 75
7 79
7 82
7 85
7 86
7 88
7 89
7 90
8 10
8 12
8 14
8 18
8 19
8 21
8 27
8 28
8 29
8 30
8 31
8 32
8 33
8 36
8 38
8 39
8 40
8 41
8 43
8 44
8 45
8 46
8 48
8 49
8 50
8 51
8 52
8 53
8 54
8 56
8 57
8 58
8 59
8 60
8 61
8 62
8 65
8 66
8 68
8 69
8 71
8 73
8 74
8 75
8 76
8 78
8 80
8 81
8 86
8 87
8 88
8 89
8 90
8 91
8 93
8 94
8 95
8 97
8 99
9 12
9 13
9 15
9 16
9 17
9 18
9 22
9 24
9 25
9 27
9 31
9 34
9 35
9 36
9 40
9 41
9 44
9 45
9 46
9 50
9 51
9 52
9 54
9 55
9 57
9 59
9 62
9 65
9 70
9 71
9 74
9 75
9 78
9 81
9 86
9 87
9 88
9 89
9 90
9 93
9 97
10 11
10 12
10 13
10 15
10 16
10 17
10 19
10 21
10 22
10 23
10 24
10 25
10 26
10 28
10 29
10 30
10 31
10 34
10 35
10 36
10 37
10 38
10 40
10 41
10 42
10 43
10 44
10 45
10 47
10 51
10 52
10 55
10 56
10 59
10 61
10 62
10 63
10 67
10 68
10 70
10 71
10 73
10 74
10 76
10 77
10 78
10 79
10 80
10 81
10 82
10 83
10 85
10 86
10 87
10 89
10 91
10 92
10 93
10 94
10 96
10 98
10 99
11 24
11 37
11 45
11 57
11 62
11 69
11 73
11 95
12 13
12 14
12 15
12 16
12 17
12 20
12 22
12 24
12 26
12 27
12 31
12 34
12 35
12 36
12 38
12 39
12 41
12 45
12 46
12 48
12 49
12 52
12 53
12 56
12 58
12 59
12 60
12 61
12 65
12 66
12 67
12 71
12 73
12 74
12 75
12 76
12 77
12 82
12 83
12 84
12 86
12 88
12 90
12 91
12 93
12 94
12 99
13 25
13 49
13 51
13 56
13 69
13 72
13 73
13 78
13 88
13 95
14 16
14 22
14 28
14 29
14 37
14 38
14 49
14 57
14 60
14 62
14 72
14 73
14 77
14 78
14 80
14 82
14 86
14 91
15 16
15 17
15 18
15 19
15 20
15 21
15 22
15 23
15 24
15 25
15 26
15 27
15 28
15 29
15 30
15 31
15 32
15 33
15 34
15 35
15 36
15 37
15 38
15 39
15 40
15 41
15 42
15 43
15 44
15 45
15 46
15 47
15 48
15 49
15 50
15 51
15 52
15 53
15 54
15 55
15 56
15 57
15 58
15 59
15 60
15 61
15 62
15 63
15 64
15 65
15 66
15 67
15 68
15 69
15 70
15 71
15 72
15 74
15 75
15 76
15 77
15 78
15 79
15 80
15 81
15 82
15 83
15 84
15 85
15 86
15 87
15 88
15 89
15 91
15 92
15 93
15 94
15 95
15 96
15 97
15 98
15 99
16 17
16 18
16 19
16 20
16 21
16 22
16 23
16 24
16 25
16 26
16 27
16 28
16 29
16 33
16 35
16 37
16 38
16 39
16 41
16 42
16 43
16 44
16 45
16 47
16 48
16 49
16 50
16 52
16 53
16 55
16 56
16 57
16 60
16 61
16 62
16 63
16 65
16 66
16 67
16 68
16 70
16 72
16 74
16 75
16 76
16 77
16 81
16 83
16 85
16 86
16 87
16 90
16 91
16 93
16 94
16 95
16 97
17 22
17 23
17 24
17 25
17 28
17 29
17 30
17 32
17 33
17 34
17 35
17 37
17 38
17 39
17 40
17 42
17 43
17 45
17 46
17 47
17 49
17 50
17 51
17 52
17 53
17 54
17 55
17 56
17 58
17 59
17 61
17 64
17 65
17 67
17 68
17 69
17 70
17 71
17 72
17 73
17 75
17 76
17 77
17 79
17 81
17 82
17 83
17 85
17 86
17 87
17 89
17 90
17 91
17 96
17 97
17 98
18 20
18 21
18 22
18 24
18 25
18 26
18 27
18 29
18 30
18 31
18 32
18 34
18 35
18 36
18 40
18 41
18 43
18 44
18 45
18 46
18 47
18 48
18 49
18 50
18 51
18 52
18 54
18 55
18 59
18 61
18 63
18 64
18 65
18 66
18 67
18 68
18 70
18 71
18 72
18 73
18 74
18 77
18 78
18 79
18 80
18 81
18 82
18 84
18 85
18 86
18 87
18 88
18 89
18 90
18 91
18 93
18 94
18 95
18 96
18 97
18 98
19 20
19 21
19 22
19 23
19 24
19 26
19 27
19 28
19 29
19 30
19 31
19 32
19 34
19 36
19 37
19 39
19 41
19 42
19 43
19 44
19 45
19 47
19 48
19 50
19 51
19 52
19 53
19 55
19 56
19 58
19 59
19 60
19 61
19 62
19 63
19 64
19 65
19 67
19 68
19 69
19 70
19 71
19 72
19 73
19 74
19 75
19 76
19 77
19 78
19 79
19 80
19 82
19 83
19 85
19 87
19 88
19 92
19 93
19 94
19 96
19 97
19 98
19 99
20 30
20 58
20 73
20 77
20 86
20 90
20 91
20 98
21 22
21 23
21 25
21 26
21 27
21 28
21 29
21 30
21 31
21 34
21 35
21 36
21 39
21 43
21 44
21 45
21 47
21 48
21 49
21 50
21 51
21 52
21 54
21 55
21 56
21 57
21 58
21 60
21 61
21 62
21 63
21 64
21 66
21 69
21 70
21 71
21 72
21 74
21 75
21 77
21 78
21 80
21 81
21 82
21 84
21 85
21 87
21 89
21 90
21 94
21 95
21 98
21 99
22 33
22 53
22 54
22 68
22 74
22 78
22 80
22 86
22 88
22 93
22 94
23 24
23 25
23 26
23 27
23 28
23 29
23 30
23 31
23 32
23 33
23 34
23 35
23 36
23 37
23 38
23 40
23 41
23 42
23 43
23 44
23 45
23 48
23 50
23 52
23 53
23 55
23 57
23 58
23 59
23 60
23 61
23 62
23 63
23 65
23 66
23 67
23 68
23 70
23 72
23 73
23 74
23 75
23 76
23 77
23 78
23 79
23 80
23 81
23 82
23 83
23 84
23 86
23 87
23 89
23 90
23 91
23 92
23 93
23 94
23 95
23 97
23 98
23 99
24 25
24 27
24 28
24 29
24 30
24 31
24 32
24 34
24 37
24 39
24 41
24 42
24 43
24 44
24 45
24 47
24 49
24 51
24 52
24 53
24 54
24 55
24 57
24 58
24 59
24 60
24 62
24 63
24 64
24 65
24 68
24 69
24 70
24 71
24 72
24 74
24 75
24 77
24 79
24 80
24 82
24 83
24 84
24 85
24 87
24 88
24 89
24 90
24 91
24 92
24 94
24 97
24 98
24 99
25 26
25 30
25 33
25 38
25 39
25 41
25 43
25 45
25 46
25 47
25 48
25 50
25 51
25 52
25 53
25 54
25 59
25 60
25 62
25 63
25 65
25 66
25 69
25 71
25 74
25 78
25 79
25 81
25 82
25 83
25 86
25 87
25 88
25 89
25 93
25 95
25 96
25 98
26 27
26 28
26 30
26 32
26 34
26 35
26 36
26 37
26 39
26 41
26 42
26 43
26 44
26 46
26 48
26 52
26 54
26 55
26 59
26 63
26 67
26 68
26 70
26 72
26 73
26 75
26 76
26 77
26 79
26 80
26 81
26 85
26 90
26 91
26 92
26 94
26 95
26 97
26 98
26 99
27 30
27 32
27 33
27 41
27 62
27 69
27 73
27 76
27 98
28 31
28 38
28 39
28 51
28 53
28 56
28 59
28 60
28 61
28 66
28 68
28 69
28 70
28 75
28 76
28 78
28 84
28 89
28 93
28 97
29 33
29 39
29 41
29 43
29 44
29 46
29 49
29 50
29 51
29 52
29 53
29 54
29 55
29 59
29 68
29 70
29 71
29 73
29 74
29 75
29 86
29 87
29 88
29 90
29 91
29 92
29 94
29 99
30 31
30 32
30 33
30 34
30 36
30 39
30 41
30 44
30 45
30 46
30 48
30 49
30 50
30 51
30 52
30 54
30 56
30 57
30 58
30 59
30 60
30 61
30 62
30 66
30 68
30 70
30 73
30 74
30 78
30 79
30 80
30 81
30 82
30 83
30 85
30 87
30 90
30 91
30 95
30 96
30 98
30 99
31 33
31 37
31 38
31 39
31 42
31 45
31 47
31 48
31 51
31 52
31 55
31 57
31 64
31 65
31 67
31 68
31 71
31 73
31 76
31 79
31 83
31 84
31 86
31 90
31 91
31 96
31 98
32 33
32 35
32 36
32 37
32 38
32 39
32 40
32 42
32 43
32 44
32 45
32 46
32 49
32 50
32 51
32 52
32 54
32 55
32 56
32 57
32 58
32 60
32 61
32 65
32 66
32 67
32 69
32 70
32 73
32 75
32 76
32 77
32 78
32 79
32 80
32 81
32 85
32 90
32 91
32 92
32 95
32 97
32 98
32 99
33 42
33 52
33 84
34 35
34 36
34 37
34 38
34 39
34 41
34 42
34 43
34 44
34 45
34 46
34 47
34 48
34 49
34 50
34 51
34 52
34 54
34 55
34 56
34 57
34 58
34 59
34 60
34 61
34 62
34 63
34 64
34 65
34 66
34 67
34 68
34 69
34 70
34 72
34 73
34 75
34 76
34 77
34 78
34 79
34 80
34 81
34 82
34 83
34 84
34 85
34 86
34 87
34 89
34 90
34 91
34 92
34 93
34 94
34 95
34 96
34 97
34 98
34 99
35 39
35 40
35 41
35 44
35 47
35 51
35 60
35 65
35 72
35 75
35 81
35 84
35 85
35 88
35 96
36 81
36 94
37 38
37 39
37 40
37 43
37 45
37 47
37 49
37 50
37 54
37 59
37 63
37 64
37 65
37 67
37 68
37 69
37 70
37 71
37 72
37 73
37 74
37 76
37 78
37 84
37 85
37 86
37 89
37 90
37 92
37 97
38 39
38 44
38 46
38 52
38 54
38 57
38 58
38 60
38 61
38 68
38 70
38 75
38 81
38 83
38 86
38 95
38 96
38 97
38 98
38 99
39 40
39 41
39 44
39 49
39 50
39 51
39 53
39 54
39 55
39 58
39 59
39 60
39 61
39 62
39 64
39 65
39 67
39 68
39 69
39 73
39 74
39 75
39 76
39 79
39 81
39 82
39 84
39 85
39 86
39 88
39 90
39 91
39 93
39 94
39 95
39 96
39 97
40 43
40 45
40 46
40 48
40 49
40 50
40 51
40 53
40 54
40 56
40 59
40 60
40 64
40 65
40 66
40 67
40 68
40 69
40 71
40 72
40 74
40 76
40 78
40 79
40 80
40 81
40 83
40 85
40 86
40 88
40 89
40 90
40 91
40 92
40 93
40 94
40 95
40 96
40 97
40 99
41 42
41 43
41 46
41 47
41 48
41 49
41 50
41 51
41 52
41 54
41 55
41 58
41 60
41 61
41 62
41 65
41 67
41 68
41 69
41 70
41 71
41 72
41 73
41 75
41 77
41 78
41 79
41 81
41 82
41 83
41 84
41 85
41 86
41 87
41 89
41 90
41 91
41 92
41 93
41 94
41 95
41 97
41 98
42 43
42 44
42 45
42 48
42 49
42 56
42 58
42 59
42 61
42 62
42 63
42 66
42 71
42 72
42 73
42 74
42 76
42 78
42 81
42 82
42 83
42 85
42 87
42 88
42 90
42 91
42 94
42 95
42 96
43 44
43 45
43 47
43 48
43 49
43 50
43 51
43 53
43 54
43 55
43 56
43 57
43 59
43 61
43 64
43 65
43 66
43 67
43 69
43 70
43 73
43 74
43 75
43 76
43 78
43 81
43 82
43 85
43 87
43 88
43 89
43 90
43 91
43 92
43 93
43 94
43 95
43 96
43 98
44 45
44 54
44 58
44 63
44 73
44 79
44 85
44 87
44 92
44 94
44 96
45 46
45 47
45 48
45 49
45 50
45 51
45 52
45 53
45 54
45 55
45 56
45 57
45 58
45 59
45 60
45 61
45 62
45 63
45 64
45 65
45 66
45 67
45 68
45 69
45 70
45 71
45 72
45 73
45 75
45 76
45 77
45 78
45 79
45 80
45 81
45 82
45 83
45 84
45 85
45 86
45 87
45 88
45 89
45 90
45 91
45 93
45 94
45 95
45 97
45 98
46 54
46 55
46 56
46 58
46 60
46 63
46 66
46 67
46 73
46 83
46 85
46 87
46 89
46 95
46 96
46 97
46 99
47 51
47 58
47 69
48 49
48 54
48 56
48 59
48 60
48 61
48 62
48 64
48 65
48 68
48 69
48 70
48 71
48 72
48 73
48 75
48 78
48 79
48 80
48 85
48 86
48 87
48 88
48 89
48 90
48 91
48 92
48 93
48 94
48 95
48 96
48 98
48 99
49 56
49 69
49 71
49 76
49 83
49 91
49 92
49 93
49 95
49 96
50 52
50 53
50 54
50 55
50 56
50 57
50 58
50 59
50 60
50 62
50 63
50 64
50 65
50 66
50 67
50 68
50 69
50 70
50 71
50 72
50 73
50 74
50 76
50 77
50 79
50 80
50 81
50 82
50 83
50 84
50 86
50 87
50 88
50 89
50 90
50 91
50 92
50 93
50 94
50 95
50 97
50 98
50 99
51 52
51 53
51 54
51 55
51 58
51 59
51 60
51 61
51 62
51 63
51 64
51 65
51 67
51 68
51 69
51 70
51 72
51 73
51 74
51 75
51 76
51 77
51 79
51 81
51 82
51 83
51 84
51 86
51 88
51 90
51 92
51 93
51 94
51 95
51 96
51 97
51 98
51 99
52 59
52 68
52 71
52 81
52 84
52 87
52 91
52 92
52 93
53 54
53 59
53 60
53 65
53 67
53 69
53 71
53 72
53 73
53 76
53 80
53 82
53 85
53 88
53 90
53 91
53 92
53 93
53 95
53 98
53 99
54 55
54 56
54 57
54 59
54 60
54 61
54 62
54 64
54 67
54 68
54 69
54 70
54 72
54 74
54 75
54 76
54 77
54 78
54 79
54 80
54 81
54 82
54 83
54 84
54 85
54 86
54 87
54 88
54 89
54 91
54 94
54 95
54 96
54 99
55 59
55 68
55 71
55 74
55 77
55 79
55 82
55 85
55 90
55 92
55 96
55 98
56 60
56 69
56 71
56 76
56 78
56 80
56 82
56 86
57 60
57 61
57 63
57 64
57 65
57 66
57 67
57 69
57 72
57 73
57 74
57 75
57 76
57 77
57 78
57 79
57 80
57 81
57 83
57 86
57 87
57 88
57 90
57 91
57 92
57 93
57 95
57 97
57 98
58 60
58 61
58 62
58 63
58 64
58 65
58 67
58 73
58 75
58 77
58 78
58 82
58 83
58 84
58 85
58 86
58 88
58 90
58 91
58 93
58 94
58 96
58 97
58 98
58 99
59 60
59 65
59 66
59 67
59 68
59 69
59 70
59 71
59 72
59 73
59 75
59 76
59 77
59 79
59 80
59 81
59 82
59 83
59 85
59 86
59 87
59 88
59 89
59 90
59 91
59 92
59 94
59 95
59 96
59 97
59 98
60 61
60 62
60 63
60 64
60 65
60 66
60 69
60 70
60 73
60 74
60 75
60 80
60 85
60 91
60 92
60 93
60 94
60 95
60 97
60 99
61 62
61 67
61 70
61 76
61 79
61 82
61 83
61 89
61 92
61 95
62 63
62 64
62 65
62 67
62 68
62 70
62 71
62 72
62 73
62 74
62 77
62 78
62 79
62 80
62 81
62 83
62 84
62 85
62 87
62 88
62 89
62 90
62 92
62 94
62 96
62 97
62 98
62 99
63 67
63 69
63 81
63 86
63 97
64 69
64 70
64 73
64 80
64 88
64 89
64 92
65 76
65 79
65 85
65 86
65 87
65 88
65 95
65 96
66 67
66 70
66 71
66 74
66 76
66 77
66 79
66 80
66 82
66 87
66 88
66 90
66 91
66 92
66 93
66 94
66 96
66 98
67 68
67 69
67 70
67 71
67 72
67 73
67 74
67 75
67 76
67 77
67 78
67 79
67 80
67 81
67 82
67 83
67 84
67 85
67 86
67 87
67 88
67 89
67 90
67 91
67 92
67 93
67 94
67 95
67 96
67 97
67 98
67 99
68 69
68 70
68 71
68 72
68 73
68 74
68 76
68 77
68 78
68 79
68 80
68 81
68 82
68 83
68 84
68 85
68 86
68 87
68 89
68 90
68 91
68 92
68 94
68 95
68 96
68 99
69 70
69 74
69 79
69 88
69 89
69 95
70 73
70 76
70 79
70 85
70 89
70 90
70 91
70 93
70 96
70 98
71 72
71 73
71 74
71 75
71 76
71 77
71 78
71 79
71 80
71 81
71 82
71 83
71 84
71 85
71 86
71 87
71 88
71 89
71 90
71 91
71 92
71 93
71 94
71 95
71 96
71 97
72 73
72 74
72 78
72 79
72 80
72 84
72 85
72 86
72 88
72 91
72 92
72 94
72 96
72 98
72 99
73 76
73 82
73 84
73 85
73 88
73 89
73 93
73 94
73 96
73 99
74 76
74 78
74 79
74 80
74 85
74 86
74 89
74 90
74 91
74 95
74 98
75 76
75 81
75 83
75 85
75 86
75 98
76 96
77 80
77 84
77 89
77 92
77 97
78 79
78 82
78 84
78 90
78 95
78 96
79 80
79 81
79 82
79 83
79 84
79 85
79 86
79 87
79 88
79 89
79 90
79 91
79 92
79 93
79 94
79 95
79 96
79 97
79 98
79 99
80 82
80 84
80 99
81 82
81 84
81 86
81 88
81 90
81 91
81 92
81 94
81 96
81 98
81 99
82 84
82 86
82 88
82 89
82 90
82 91
82 93
82 95
82 98
83 84
83 85
83 86
83 87
83 88
83 89
83 90
83 91
83 93
83 94
83 95
83 96
84 87
84 89
84 92
84 93
84 97
84 98
85 87
85 88
85 89
85 90
85 92
85 94
85 95
85 96
85 97
85 99
86 87
86 89
86 91
86 92
86 93
86 96
86 97
86 99
87 88
87 89
87 90
87 91
87 92
87 93
87 94
87 95
87 96
87 97
87 98
87 99
88 89
88 90
88 91
88 92
88 93
88 94
88 95
88 96
88 97
88 98
88 99
89 92
89 93
89 95
89 97
89 98
89 99
90 93
91 93
91 96
91 97
92 93
92 94
92 95
92 96
92 97
92 98
92 99
93 94
93 98
94 96
94 97
95 96
95 97
95 98
95 99
96 97
96 98
96 99
97 98
97 99
98 99
