0 1
0 2
0 3
0 4
0 6
0 8
0 10
0 11
0 12
0 13
0 14
0 15
0 16
0 17
0 18
0 19
0 20
0 21
0 22
0 23
0 24
0 25
0 26
0 27
0 28
0 29
0 30
0 31
0 32
0 33
0 34
0 35
0 36
0 37
0 38
0 39
0 40
0 41
0 42
0 43
0 44
0 45
0 46
0 47
0 48
0 49
0 50
0 51
0 52
0 54
0 55
0 56
0 58
0 59
0 60
0 61
0 62
0 63
0 65
0 66
0 67
0 68
0 69
0 70
0 72
0 73
0 76
0 77
0 78
0 79
0 80
0 81
0 82
0 83
0 85
0 86
0 87
0 88
0 89
0 90
0 91
0 92
0 94
0 95
0 96
0 97
0 98
0 99
1 27
1 39
1 46
1 59
1 71
1 95
2 3
2 4
2 5
2 6
2 7
2 8
2 9
2 10
2 11
2 12
2 13
2 14
2 17
2 18
2 20
2 21
2 23
2 24
2 26
2 27
2 28
2 29
2 30
2 34
2 35
2 36
2 37
2 38
2 40
2 41
2 43
2 50
2 51
2 52
2 54
2 55
2 56
2 57
2 58
2 60
2 61
2 63
2 64
2 65
2 66
2 68
2 70
2 71
2 72
2 74
2 75
2 76
2 77
2 79
2 80
2 82
2 84
2 86
2 87
2 88
2 89
2 90
2 91
2 92
2 93
3 67
4 6
4 7
4 11
4 12
4 13
4 14
4 16
4 17
4 21
4 23
4 27
4 30
4 31
4 32
4 34
4 37
4 38
4 39
4 40
4 41
4 45
4 48
4 51
4 58
4 61
4 62
4 66
4 67
4 68
4 69
4 71
4 74
4 77
4 84
4 88
4 91
4 92
4 95
4 96
4 99
5 9
6 21
6 23
6 38
6 47
6 89
6 96
7 15
7 16
7 17
7 28
7 30
7 33
7 40
7 45
7 48
7 51
7 53
7 68
7 70
7 73
7 81
7 98
8 9
8 11
8 13
8 16
8 18
8 21
8 22
8 23
8 26
8 29
8 30
8 32
8 34
8 36
8 37
8 43
8 44
8 46
8 47
8 49
8 50
8 52
8 53
8 57
8 58
8 59
8 60
8 61
8 66
8 69
8 70
8 72
8 74
8 75
8 76
8 79
8 80
8 82
8 85
8 88
8 89
8 90
8 93
8 94
9 10
9 11
9 12
9 14
9 15
9 16
9 17
9 18
9 19
9 20
9 21
9 22
9 23
9 24
9 25
9 26
9 27
9 28
9 29
9 30
9 31
9 32
9 33
9 34
9 35
9 37
9 38
9 39
9 40
9 41
9 42
9 43
9 44
9 45
9 46
9 47
9 48
9 49
9 50
9 51
9 52
9 53
9 54
9 55
9 56
9 57
9 58
9 59
9 60
9 61
9 62
9 63
9 64
9 65
9 66
9 68
9 69
9 70
9 71
9 72
9 73
9 74
9 75
9 76
9 78
9 79
9 80
9 81
9 82
9 83
9 84
9 85
9 87
9 88
9 89
9 90
9 91
9 92
9 93
9 94
9 95
9 96
9 97
9 98
9 99
10 11
10 12
10 13
10 14
10 16
10 17
10 18
10 19
10 20
10 21
10 22
10 23
10 24
10 25
10 26
10 27
10 29
10 30
10 31
10 32
10 33
10 35
10 36
10 37
10 38
10 39
10 40
10 41
10 42
10 44
10 45
10 47
10 48
10 49
10 50
10 51
10 52
10 53
10 54
10 56
10 57
10 58
10 59
10 60
10 61
10 62
10 64
10 65
10 66
10 67
10 69
10 70
10 71
10 72
10 73
10 74
10 75
10 76
10 77
10 78
10 79
10 80
10 81
10 82
10 83
10 84
10 85
10 86
10 87
10 88
10 89
10 90
10 91
10 93
10 94
10 95
10 96
10 97
10 98
10 99
11 12
11 13
11 14
11 16
11 17
11 18
11 19
11 21
11 22
11 23
11 24
11 25
11 26
11 27
11 28
11 29
11 30
11 31
11 33
11 34
11 35
11 37
11 38
11 39
11 41
11 42
11 43
11 44
11 45
11 46
11 47
11 48
11 50
11 51
11 53
11 54
11 55
11 56
11 57
11 58
11 59
11 61
11 62
11 63
11 64
11 65
11 66
11 67
11 68
11 70
11 71
11 72
11 74
11 75
11 76
11 77
11 78
11 79
11 80
11 81
11 82
11 83
11 84
11 85
11 86
11 87
11 88
11 89
11 90
11 93
11 94
11 95
11 96
11 97
11 98
11 99
12 37
12 45
12 67
12 93
12 95
13 18
13 21
13 96
14 21
14 23
14 27
14 33
14 35
14 39
14 45
14 46
14 54
14 57
14 65
14 67
14 78
14 83
14 98
15 17
15 18
15 29
15 37
15 41
15 42
15 43
15 44
15 45
15 47
15 51
15 53
15 59
15 60
15 61
15 64
15 68
15 70
15 71
15 78
15 87
15 96
15 97
16 18
16 23
16 24
16 25
16 28
16 29
16 31
16 35
16 36
16 40
16 41
16 43
16 44
16 49
16 50
16 53
16 59
16 64
16 66
16 67
16 69
16 73
16 75
16 85
16 86
16 87
16 88
16 91
16 97
16 98
16 99
17 19
17 21
17 23
17 25
17 30
17 36
17 38
17 39
17 41
17 55
17 60
17 61
17 62
17 68
17 74
17 75
17 79
17 80
17 84
17 85
17 87
17 89
17 90
17 93
17 94
17 95
17 98
18 35
19 21
19 22
19 23
19 24
19 26
19 27
19 28
19 29
19 30
19 31
19 32
19 33
19 34
19 35
19 36
19 37
19 38
19 39
19 40
19 41
19 42
19 43
19 44
19 45
19 46
19 47
19 48
19 49
19 51
19 52
19 54
19 55
19 56
19 57
19 58
19 59
19 60
19 61
19 62
19 63
19 64
19 65
19 66
19 67
19 69
19 70
19 71
19 72
19 73
19 74
19 75
19 76
19 77
19 78
19 79
19 80
19 81
19 82
19 83
19 84
19 85
19 86
19 87
19 89
19 90
19 92
19 93
19 94
19 95
19 96
19 98
19 99
20 23
20 24
20 25
20 44
20 48
20 50
20 53
20 61
20 62
20 67
20 69
20 71
20 72
20 76
20 77
20 78
20 82
20 92
20 93
21 22
21 23
21 24
21 25
21 27
21 28
21 30
21 31
21 34
21 38
21 40
21 41
21 43
21 44
21 49
21 51
21 53
21 55
21 57
21 58
21 59
21 60
21 61
21 62
21 63
21 64
21 65
21 67
21 69
21 70
21 71
21 72
21 74
21 75
21 76
21 77
21 79
21 81
21 82
21 83
21 84
21 85
21 88
21 90
21 91
21 94
21 95
21 97
22 23
22 24
22 25
22 26
22 28
22 29
22 30
22 31
22 32
22 33
22 34
22 35
22 36
22 37
22 38
22 39
22 40
22 42
22 43
22 44
22 45
22 47
22 48
22 49
22 50
22 51
22 52
22 53
22 54
22 55
22 56
22 57
22 58
22 59
22 60
22 61
22 62
22 63
22 64
22 65
22 67
22 68
22 69
22 70
22 71
22 74
22 76
22 77
22 78
22 79
22 80
22 81
22 82
22 83
22 84
22 86
22 87
22 88
22 89
22 90
22 91
22 92
22 94
22 96
22 98
22 99
23 37
23 52
23 55
23 59
23 77
23 90
24 25
24 26
24 27
24 28
24 29
24 30
24 31
24 32
24 33
24 34
24 35
24 36
24 37
24 38
24 40
24 41
24 42
24 43
24 44
24 45
24 46
24 47
24 48
24 49
24 50
24 51
24 52
24 53
24 54
24 55
24 56
24 57
24 58
24 59
24 60
24 61
24 62
24 63
24 64
24 65
24 66
24 67
24 68
24 69
24 70
24 71
24 72
24 73
24 74
24 75
24 76
24 77
24 78
24 79
24 80
24 82
24 83
24 84
24 85
24 86
24 87
24 88
24 89
24 90
24 91
24 92
24 93
24 94
24 95
24 96
24 97
24 99
25 32
25 38
25 47
25 55
25 64
25 66
25 71
25 72
25 73
25 83
25 94
25 97
26 30
26 31
26 32
26 33
26 36
26 38
26 39
26 42
26 43
26 47
26 52
26 53
26 54
26 55
26 59
26 62
26 64
26 67
26 68
26 69
26 71
26 72
26 73
26 75
26 76
26 77
26 79
26 81
26 84
26 85
26 88
26 89
26 90
26 98
27 30
27 32
27 33
27 35
27 37
27 40
27 47
27 48
27 50
27 51
27 53
27 59
27 62
27 63
27 66
27 67
27 70
27 71
27 73
27 75
27 79
27 81
27 82
27 84
27 86
27 87
27 88
27 90
27 91
27 92
27 93
27 94
27 96
28 31
28 36
28 42
28 48
28 55
28 59
28 61
28 80
28 81
28 87
28 90
28 92
28 98
29 30
29 31
29 32
29 33
29 35
29 36
29 37
29 38
29 39
29 40
29 41
29 42
29 43
29 44
29 45
29 46
29 47
29 48
29 49
29 50
29 51
29 52
29 53
29 54
29 55
29 56
29 57
29 58
29 59
29 60
29 61
29 62
29 63
29 64
29 65
29 66
29 67
29 68
29 69
29 70
29 71
29 72
29 73
29 74
29 75
29 76
29 77
29 78
29 79
29 80
29 82
29 83
29 84
29 85
29 86
29 87
29 88
29 89
29 90
29 91
29 92
29 93
29 94
29 95
29 96
29 97
29 98
29 99
30 31
30 32
30 33
30 34
30 35
30 36
30 37
30 38
30 39
30 40
30 42
30 43
30 44
30 45
30 46
30 47
30 48
30 50
30 51
30 52
30 53
30 54
30 56
30 57
30 58
30 59
30 60
30 61
30 62
30 64
30 66
30 67
30 68
30 70
30 71
30 72
30 73
30 74
30 75
30 76
30 77
30 78
30 79
30 80
30 81
30 82
30 83
30 85
30 86
30 87
30 88
30 89
30 90
30 91
30 92
30 93
30 94
30 95
30 98
30 99
31 32
31 33
31 36
31 37
31 42
31 43
31 45
31 50
31 51
31 55
31 56
31 63
31 69
31 71
31 73
31 78
31 79
31 85
31 88
31 91
31 94
31 97
31 99
32 33
32 34
32 35
32 36
32 37
32 38
32 39
32 40
32 41
32 42
32 44
32 45
32 46
32 47
32 48
32 49
32 50
32 51
32 52
32 53
32 54
32 55
32 56
32 57
32 58
32 59
32 60
32 61
32 62
32 63
32 65
32 66
32 67
32 68
32 69
32 70
32 71
32 72
32 73
32 74
32 75
32 76
32 77
32 79
32 80
32 81
32 82
32 83
32 84
32 85
32 87
32 88
32 89
32 90
32 91
32 92
32 93
32 94
32 95
32 96
32 97
32 98
32 99
33 36
33 40
33 41
33 43
33 44
33 45
33 46
33 50
33 52
33 53
33 54
33 57
33 58
33 60
33 61
33 63
33 65
33 67
33 68
33 69
33 70
33 71
33 72
33 73
33 74
33 75
33 76
33 78
33 79
33 80
33 81
33 82
33 83
33 86
33 87
33 88
33 89
33 90
33 91
33 93
33 95
33 96
33 98
34 35
34 36
34 37
34 38
34 39
34 40
34 41
34 42
34 43
34 44
34 45
34 46
34 47
34 48
34 49
34 50
34 51
34 52
34 53
34 54
34 55
34 56
34 57
34 58
34 59
34 60
34 61
34 62
34 63
34 64
34 65
34 66
34 67
34 68
34 69
34 70
34 71
34 72
34 73
34 74
34 75
34 76
34 77
34 78
34 79
34 80
34 81
34 82
34 83
34 84
34 85
34 86
34 87
34 88
34 89
34 90
34 91
34 92
34 93
34 94
34 95
34 96
34 97
34 98
34 99
35 36
35 37
35 40
35 42
35 43
35 44
35 45
35 47
35 49
35 50
35 52
35 55
35 57
35 59
35 61
35 65
35 66
35 70
35 76
35 77
35 80
35 83
35 84
35 86
35 89
35 91
35 92
35 93
35 94
35 98
35 99
36 42
36 43
36 49
36 73
36 81
36 82
36 84
36 91
36 95
36 97
36 98
37 38
37 42
37 44
37 45
37 47
37 50
37 51
37 52
37 54
37 55
37 56
37 60
37 61
37 65
37 68
37 73
37 75
37 78
37 81
37 82
37 83
37 84
37 86
37 87
37 88
37 89
37 90
37 94
37 95
37 96
37 97
37 98
37 99
38 41
38 52
38 53
38 56
38 58
38 62
38 64
38 65
38 66
38 75
38 78
38 82
38 86
38 89
39 77
39 78
39 92
40 41
40 42
40 43
40 44
40 45
40 46
40 47
40 48
40 49
40 50
40 51
40 52
40 53
40 54
40 55
40 56
40 57
40 59
40 61
40 62
40 63
40 64
40 65
40 66
40 67
40 68
40 70
40 71
40 72
40 75
40 76
40 77
40 78
40 80
40 82
40 83
40 85
40 86
40 87
40 88
40 89
40 90
40 91
40 92
40 93
40 94
40 95
40 96
40 97
40 98
40 99
41 42
41 43
41 45
41 46
41 47
41 48
41 51
41 53
41 54
41 55
41 56
41 57
41 58
41 60
41 61
41 63
41 64
41 66
41 67
41 69
41 71
41 74
41 75
41 77
41 78
41 79
41 80
41 82
41 83
41 84
41 85
41 86
41 87
41 90
41 92
41 96
41 97
41 98
42 45
42 46
42 48
42 51
42 52
42 53
42 54
42 55
42 56
42 58
42 59
42 60
42 61
42 62
42 64
42 65
42 66
42 67
42 68
42 69
42 70
42 73
42 74
42 76
42 78
42 80
42 81
42 82
42 83
42 84
42 86
42 87
42 89
42 91
42 92
42 96
42 98
43 45
43 46
43 47
43 49
43 50
43 51
43 52
43 54
43 55
43 56
43 57
43 58
43 61
43 62
43 63
43 65
43 66
43 68
43 69
43 70
43 72
43 73
43 74
43 75
43 76
43 77
43 78
43 79
43 80
43 81
43 82
43 83
43 85
43 87
43 88
43 90
43 91
43 92
43 93
43 94
43 95
43 97
43 98
43 99
44 46
44 47
44 48
44 50
44 51
44 52
44 53
44 56
44 57
44 58
44 59
44 61
44 64
44 65
44 66
44 67
44 68
44 69
44 70
44 71
44 72
44 73
44 74
44 76
44 77
44 78
44 79
44 81
44 82
44 83
44 84
44 85
44 86
44 87
44 88
44 89
44 90
44 93
44 94
44 95
44 97
44 98
44 99
45 46
45 47
45 48
45 49
45 50
45 51
45 52
45 53
45 55
45 56
45 57
45 58
45 59
45 60
45 61
45 62
45 63
45 64
45 65
45 66
45 67
45 68
45 69
45 70
45 71
45 72
45 73
45 74
45 75
45 76
45 77
45 78
45 79
45 80
45 81
45 82
45 85
45 87
45 88
45 89
45 90
45 91
45 92
45 93
45 94
45 95
45 97
45 99
46 47
46 48
46 50
46 52
46 53
46 54
46 55
46 56
46 57
46 58
46 59
46 60
46 61
46 62
46 63
46 64
46 65
46 66
46 67
46 69
46 70
46 72
46 73
46 75
46 76
46 80
46 82
46 84
46 87
46 89
46 90
46 92
46 96
46 99
47 50
47 51
47 52
47 53
47 54
47 55
47 58
47 59
47 60
47 61
47 62
47 63
47 64
47 65
47 66
47 67
47 68
47 69
47 70
47 71
47 72
47 73
47 75
47 78
47 80
47 81
47 82
47 85
47 88
47 89
47 90
47 91
47 92
47 93
47 94
47 95
47 97
47 98
48 49
48 54
48 56
48 58
48 59
48 61
48 62
48 64
48 67
48 72
48 81
48 82
48 84
48 87
48 88
48 89
48 91
48 92
48 95
48 98
48 99
49 50
49 53
49 54
49 55
49 56
49 57
49 58
49 59
49 60
49 61
49 62
49 63
49 64
49 65
49 66
49 68
49 70
49 71
49 72
49 73
49 74
49 75
49 76
49 77
49 78
49 79
49 80
49 81
49 82
49 83
49 84
49 85
49 86
49 87
49 88
49 89
49 90
49 91
49 92
49 93
49 94
49 95
49 97
49 98
49 99
50 52
50 54
50 57
50 58
50 59
50 61
50 62
50 63
50 65
50 66
50 67
50 69
50 70
50 72
50 73
50 74
50 75
50 76
50 77
50 78
50 79
50 82
50 83
50 87
50 88
50 89
50 91
50 93
50 94
50 98
50 99
51 52
51 53
51 54
51 81
51 95
51 98
52 53
52 54
52 56
52 57
52 60
52 62
52 63
52 65
52 70
52 72
52 73
52 78
52 85
52 88
52 90
52 93
52 94
52 95
52 96
52 98
53 54
53 56
53 57
53 58
53 59
53 60
53 61
53 62
53 63
53 65
53 66
53 67
53 69
53 73
53 76
53 77
53 79
53 80
53 82
53 83
53 84
53 86
53 87
53 90
53 91
53 94
53 96
53 97
53 98
54 56
54 73
54 74
54 77
54 80
54 81
54 83
54 85
54 87
54 89
54 93
55 56
55 57
55 58
55 59
55 60
55 61
55 62
55 63
55 64
55 65
55 66
55 67
55 69
55 70
55 71
55 72
55 73
55 74
55 75
55 77
55 79
55 80
55 81
55 82
55 83
55 84
55 86
55 87
55 88
55 89
55 90
55 91
55 92
55 93
55 94
55 95
55 96
55 97
55 99
56 66
57 58
57 59
57 60
57 61
57 63
57 64
57 65
57 67
57 69
57 70
57 71
57 72
57 73
57 74
57 75
57 76
57 77
57 78
57 79
57 80
57 81
57 82
57 83
57 84
57 87
57 88
57 89
57 90
57 91
57 92
57 93
57 94
57 95
57 96
57 98
57 99
58 60
58 62
58 65
58 68
58 69
58 70
58 71
58 72
58 73
58 74
58 78
58 81
58 85
58 87
58 88
58 92
58 95
58 96
58 97
59 62
59 67
59 69
59 70
59 90
59 93
59 98
60 62
60 63
60 64
60 65
60 67
60 70
60 71
60 72
60 73
60 74
60 75
60 76
60 77
60 78
60 79
60 81
60 82
60 84
60 86
60 87
60 90
60 92
60 93
60 94
60 97
60 98
60 99
61 63
61 64
61 65
61 66
61 68
61 70
61 71
61 72
61 74
61 78
61 81
61 84
61 86
61 88
61 91
61 92
61 95
61 96
61 97
61 98
61 99
62 63
62 64
62 65
62 66
62 67
62 68
62 69
62 70
62 71
62 72
62 73
62 74
62 75
62 76
62 79
62 80
62 81
62 82
62 83
62 84
62 85
62 86
62 87
62 88
62 89
62 90
62 91
62 92
62 93
62 94
62 95
62 96
62 97
62 98
62 99
63 64
63 65
63 66
63 69
63 70
63 71
63 72
63 73
63 76
63 77
63 79
63 80
63 81
63 82
63 84
63 85
63 86
63 89
63 93
63 94
63 96
63 97
64 66
64 68
64 88
64 93
65 91
65 99
66 68
66 75
66 81
66 84
66 89
66 90
66 93
66 94
66 95
66 99
67 86
67 91
68 72
68 74
68 75
68 79
68 80
68 82
68 83
68 84
68 86
68 87
68 89
68 91
68 93
68 99
69 70
69 73
69 74
69 80
69 82
69 83
69 85
69 88
69 91
69 93
69 94
69 96
69 97
70 75
70 76
70 80
70 82
70 86
70 89
70 90
70 92
70 94
70 96
71 74
71 79
71 81
71 83
71 84
71 90
71 97
72 82
72 92
72 94
72 97
73 75
73 78
73 80
73 84
73 85
73 86
73 87
73 92
73 95
73 96
73 98
74 78
74 91
75 78
75 79
75 84
75 99
76 82
76 94
77 79
77 80
77 81
77 82
77 83
77 84
77 85
77 86
77 87
77 88
77 91
77 92
77 93
77 94
77 96
77 97
77 99
78 89
78 90
78 96
78 99
79 80
79 82
79 84
79 85
79 86
79 87
79 88
79 90
79 93
79 98
79 99
80 81
80 83
80 84
80 85
80 87
80 88
80 89
80 90
80 91
80 92
80 93
80 94
80 95
80 96
80 97
80 99
81 82
81 83
81 84
81 85
81 86
81 87
81 88
81 89
81 90
81 91
81 92
81 93
81 94
81 96
81 97
81 98
81 99
82 83
82 84
82 86
82 87
82 89
82 90
82 91
82 92
82 93
82 94
82 95
82 96
82 97
82 98
83 85
83 86
83 87
83 88
83 89
83 91
83 92
83 93
83 94
83 95
83 96
83 98
83 99
84 85
84 86
84 87
84 92
84 93
84 94
84 95
84 98
84 99
85 87
86 87
86 89
86 98
87 88
87 90
87 91
87 94
87 96
87 97
87 99
88 89
88 92
88 94
88 95
88 98
89 91
90 91
90 92
90 96
90 97
90 99
91 92
91 93
91 94
91 95
91 96
91 99
92 94
93 98
94 95
94 96
94 97
94 98
94 99
95 96
96 98
97 99
98 99
