0 4
0 6
0 7
0 8
0 9
0 10
0 11
0 12
0 15
0 17
0 19
0 20
0 21
0 22
0 23
0 26
0 27
0 28
0 29
0 30
0 34
0 37
0 38
0 41
0 43
0 44
0 45
0 46
0 47
0 49
0 50
0 51
0 52
0 56
0 57
0 58
0 59
0 61
0 62
0 65
0 66
0 67
0 68
0 70
0 71
0 72
0 76
0 80
0 83
0 85
0 86
0 88
0 89
0 90
0 91
0 92
0 93
0 94
0 95
0 98
1 3
1 12
1 20
1 29
1 39
1 44
1 48
1 49
1 51
1 56
1 62
1 70
1 75
1 76
1 81
1 86
1 90
1 94
1 96
2 6
2 35
3 4
3 10
3 11
3 12
3 14
3 19
3 26
3 28
3 31
3 35
3 36
3 40
3 46
3 49
3 51
3 52
3 55
3 56
3 59
3 60
3 62
3 63
3 65
3 71
3 73
3 77
3 87
3 91
3 92
3 97
4 22
4 25
4 38
4 40
4 42
4 60
4 65
4 69
5 12
5 13
5 16
5 21
5 25
5 26
5 30
5 33
5 34
5 35
5 38
5 43
5 47
5 49
5 56
5 57
5 71
5 73
5 76
5 77
5 78
5 83
5 85
5 86
5 87
5 90
5 92
5 93
5 94
5 96
5 97
5 98
5 99
6 8
6 10
6 11
6 12
6 14
6 15
6 16
6 17
6 19
6 20
6 21
6 23
6 24
6 26
6 28
6 29
6 30
6 31
6 32
6 33
6 34
6 35
6 36
6 37
6 38
6 39
6 40
6 42
6 43
6 44
6 45
6 46
6 47
6 48
6 49
6 50
6 51
6 52
6 53
6 54
6 55
6 57
6 58
6 59
6 60
6 61
6 62
6 63
6 64
6 65
6 66
6 67
6 69
6 71
6 72
6 73
6 74
6 76
6 77
6 78
6 79
6 80
6 82
6 83
6 84
6 85
6 86
6 87
6 88
6 89
6 90
6 91
6 92
6 93
6 96
6 97
6 98
6 99
7 8
7 9
7 11
7 13
7 15
7 16
7 18
7 21
7 23
7 24
7 26
7 27
7 28
7 29
7 30
7 31
7 33
7 34
7 35
7 37
7 39
7 44
7 46
7 47
7 48
7 49
7 50
7 52
7 55
7 56
7 57
7 60
7 62
7 63
7 64
7 66
7 69
7 72
7 73
7 74
7 76
7 78
7 79
7 80
7 81
7 82
7 88
7 91
7 92
7 95
7 97
7 98
7 99
8 11
8 14
8 38
8 40
8 71
8 76
8 86
9 11
9 12
9 13
9 14
9 15
9 17
9 18
9 19
9 22
9 24
9 26
9 27
9 28
9 30
9 31
9 32
9 33
9 35
9 37
9 38
9 39
9 41
9 44
9 45
9 46
9 47
9 48
9 49
9 52
9 53
9 54
9 55
9 56
9 58
9 59
9 60
9 61
9 62
9 63
9 64
9 65
9 66
9 67
9 68
9 69
9 70
9 71
9 72
9 73
9 74
9 75
9 76
9 77
9 78
9 79
9 80
9 81
9 85
9 86
9 87
9 88
9 90
9 91
9 92
9 93
9 94
9 95
9 97
9 98
9 99
10 11
10 12
10 14
10 15
10 17
10 18
10 19
10 20
10 21
10 23
10 25
10 26
10 29
10 31
10 32
10 33
10 34
10 35
10 36
10 37
10 38
10 39
10 41
10 42
10 43
10 44
10 46
10 47
10 48
10 51
10 52
10 53
10 55
10 56
10 58
10 59
10 62
10 63
10 65
10 66
10 68
10 69
10 70
10 71
10 72
10 73
10 75
10 78
10 79
10 81
10 85
10 86
10 87
10 92
10 93
10 95
10 97
11 16
11 18
11 19
11 22
11 24
11 27
11 33
11 34
11 47
11 51
11 52
11 65
11 68
11 69
11 73
11 74
11 78
11 81
11 94
11 98
12 14
12 17
12 19
12 20
12 21
12 22
12 23
12 24
12 25
12 29
12 30
12 34
12 35
12 36
12 37
12 39
12 40
12 41
12 42
12 43
12 45
12 47
12 49
12 50
12 51
12 52
12 54
12 55
12 57
12 59
12 60
12 61
12 64
12 65
12 67
12 69
12 71
12 73
12 75
12 76
12 77
12 78
12 79
12 80
12 81
12 82
12 87
12 88
12 91
12 94
12 95
12 97
12 98
12 99
13 14
13 18
13 19
13 21
13 23
13 29
13 30
13 34
13 35
13 36
13 40
13 43
13 44
13 45
13 47
13 49
13 50
13 52
13 53
13 55
13 56
13 60
13 63
13 64
13 69
13 73
13 80
13 81
13 83
13 84
13 86
13 92
13 93
13 95
13 96
14 21
14 25
14 28
14 29
14 35
14 36
14 45
14 46
14 47
14 49
14 51
14 58
14 59
14 69
14 81
14 83
14 86
14 92
14 97
14 99
15 21
15 31
15 36
15 40
15 41
15 43
15 50
15 53
15 55
15 58
15 69
15 76
15 80
15 84
15 96
15 98
16 22
16 30
16 36
16 41
16 49
16 55
16 60
16 61
16 72
16 74
16 85
16 91
17 35
17 46
17 62
17 94
17 99
18 25
18 29
18 43
18 50
18 57
18 85
18 89
19 20
19 21
19 22
19 23
19 24
19 25
19 26
19 27
19 31
19 32
19 33
19 34
19 35
19 39
19 41
19 43
19 45
19 46
19 47
19 48
19 49
19 50
19 51
19 54
19 55
19 59
19 60
19 61
19 62
19 63
19 65
19 67
19 68
19 72
19 73
19 75
19 76
19 80
19 81
19 82
19 84
19 85
19 89
19 91
19 95
19 96
19 98
19 99
20 21
20 23
20 27
20 31
20 36
20 49
20 57
20 58
20 64
20 79
20 90
20 91
20 93
20 97
21 22
21 25
21 28
21 29
21 30
21 32
21 33
21 34
21 36
21 37
21 39
21 40
21 42
21 43
21 44
21 47
21 48
21 49
21 50
21 51
21 52
21 54
21 56
21 57
21 58
21 59
21 61
21 62
21 63
21 65
21 66
21 68
21 69
21 73
21 74
21 75
21 76
21 78
21 80
21 81
21 83
21 85
21 87
21 88
21 89
21 91
21 92
21 93
21 94
21 95
21 96
21 97
21 98
21 99
22 23
22 24
22 26
22 28
22 32
22 33
22 34
22 36
22 37
22 38
22 39
22 41
22 45
22 46
22 47
22 50
22 51
22 52
22 53
22 55
22 57
22 58
22 60
22 61
22 63
22 64
22 65
22 67
22 71
22 72
22 73
22 79
22 80
22 81
22 87
22 88
22 89
22 90
22 91
22 92
22 95
22 96
22 98
23 70
23 93
24 72
24 81
24 90
25 27
25 28
25 30
25 33
25 34
25 35
25 36
25 37
25 39
25 40
25 42
25 43
25 44
25 46
25 47
25 51
25 52
25 53
25 54
25 55
25 56
25 58
25 60
25 62
25 63
25 64
25 65
25 66
25 67
25 68
25 69
25 70
25 72
25 74
25 77
25 78
25 79
25 80
25 81
25 82
25 83
25 85
25 87
25 89
25 90
25 91
25 93
25 94
25 98
25 99
26 27
26 28
26 29
26 30
26 31
26 32
26 33
26 34
26 35
26 37
26 39
26 40
26 41
26 43
26 44
26 45
26 46
26 47
26 48
26 49
26 50
26 51
26 52
26 53
26 54
26 55
26 56
26 57
26 60
26 61
26 62
26 63
26 64
26 66
26 67
26 68
26 69
26 70
26 72
26 73
26 74
26 75
26 76
26 77
26 78
26 79
26 80
26 81
26 82
26 83
26 84
26 86
26 87
26 89
26 90
26 91
26 92
26 93
26 94
26 95
26 97
26 98
27 28
27 29
27 30
27 31
27 32
27 33
27 34
27 35
27 36
27 37
27 38
27 39
27 40
27 41
27 42
27 43
27 44
27 45
27 46
27 47
27 48
27 49
27 50
27 51
27 52
27 53
27 54
27 55
27 56
27 57
27 58
27 59
27 60
27 61
27 62
27 64
27 65
27 66
27 67
27 68
27 69
27 70
27 71
27 72
27 73
27 74
27 75
27 76
27 77
27 78
27 79
27 80
27 81
27 82
27 83
27 84
27 85
27 86
27 87
27 88
27 89
27 90
27 91
27 92
27 94
27 95
27 96
27 98
27 99
28 29
28 44
28 80
29 30
29 31
29 33
29 35
29 36
29 37
29 38
29 39
29 40
29 41
29 42
29 43
29 44
29 45
29 46
29 47
29 48
29 49
29 50
29 51
29 52
29 53
29 54
29 55
29 56
29 57
29 58
29 59
29 60
29 61
29 62
29 63
29 64
29 65
29 66
29 67
29 68
29 69
29 70
29 71
29 72
29 73
29 74
29 75
29 76
29 77
29 78
29 79
29 80
29 81
29 82
29 83
29 84
29 85
29 86
29 88
29 89
29 90
29 91
29 92
29 93
29 94
29 95
29 96
29 97
29 98
29 99
30 32
30 33
30 37
30 40
30 41
30 42
30 43
30 44
30 45
30 46
30 50
30 51
30 52
30 53
30 55
30 57
30 58
30 59
30 61
30 62
30 63
30 67
30 68
30 69
30 71
30 72
30 74
30 75
30 76
30 77
30 78
30 79
30 80
30 81
30 82
30 83
30 84
30 85
30 86
30 88
30 89
30 90
30 92
30 93
30 94
30 96
30 98
31 32
31 33
31 34
31 35
31 36
31 37
31 38
31 39
31 40
31 41
31 42
31 43
31 44
31 45
31 46
31 47
31 48
31 49
31 50
31 51
31 52
31 53
31 54
31 55
31 56
31 57
31 58
31 59
31 60
31 61
31 62
31 63
31 65
31 66
31 67
31 68
31 69
31 70
31 71
31 72
31 73
31 74
31 75
31 76
31 77
31 78
31 79
31 80
31 81
31 82
31 83
31 84
31 85
31 86
31 87
31 88
31 89
31 90
31 91
31 92
31 93
31 94
31 95
31 96
31 97
31 98
31 99
32 33
32 34
32 35
32 36
32 37
32 38
32 39
32 40
32 41
32 42
32 43
32 44
32 45
32 46
32 47
32 48
32 49
32 50
32 51
32 53
32 54
32 55
32 56
32 57
32 58
32 59
32 60
32 61
32 62
32 63
32 64
32 65
32 66
32 67
32 68
32 69
32 70
32 71
32 72
32 73
32 75
32 76
32 77
32 78
32 79
32 80
32 81
32 82
32 83
32 84
32 85
32 86
32 88
32 89
32 90
32 91
32 96
32 97
32 98
32 99
33 35
33 37
33 38
33 39
33 40
33 42
33 45
33 46
33 47
33 48
33 49
33 50
33 51
33 52
33 55
33 56
33 57
33 59
33 60
33 61
33 62
33 63
33 66
33 67
33 69
33 70
33 71
33 73
33 74
33 75
33 76
33 77
33 79
33 80
33 83
33 84
33 85
33 86
33 87
33 89
33 90
33 91
33 93
33 94
33 95
33 96
33 97
33 98
34 36
34 38
34 39
34 40
34 46
34 49
34 51
34 52
34 55
34 57
34 58
34 61
34 65
34 67
34 68
34 70
34 71
34 72
34 74
34 75
34 77
34 78
34 80
34 85
34 87
34 91
34 92
34 93
34 95
34 96
34 98
34 99
35 37
35 38
35 39
35 41
35 42
35 43
35 49
35 50
35 51
35 52
35 53
35 56
35 57
35 59
35 63
35 73
35 80
35 83
35 86
35 88
35 89
35 90
35 92
35 94
36 38
36 39
36 40
36 43
36 45
36 46
36 47
36 58
36 61
36 62
36 64
36 66
36 69
36 72
36 73
36 76
36 80
36 83
36 84
36 85
36 86
36 88
36 96
36 98
37 43
37 44
37 47
37 53
37 56
37 58
37 59
37 61
37 62
37 64
37 65
37 66
37 68
37 69
37 70
37 71
37 74
37 76
37 77
37 79
37 80
37 82
37 83
37 84
37 85
37 86
37 87
37 88
37 89
37 90
37 91
37 92
37 93
37 94
37 95
37 96
37 97
37 98
37 99
38 39
38 53
38 55
38 63
38 66
38 69
38 70
38 73
38 74
38 75
38 83
38 85
38 89
39 40
39 41
39 42
39 43
39 44
39 45
39 46
39 47
39 48
39 49
39 50
39 51
39 52
39 53
39 54
39 55
39 56
39 57
39 58
39 59
39 60
39 61
39 62
39 63
39 64
39 65
39 66
39 67
39 69
39 71
39 72
39 74
39 75
39 76
39 77
39 79
39 80
39 81
39 82
39 83
39 84
39 85
39 86
39 87
39 88
39 89
39 90
39 91
39 92
39 93
39 94
39 96
39 97
39 98
39 99
40 41
40 42
40 43
40 44
40 46
40 47
40 48
40 50
40 51
40 52
40 54
40 55
40 56
40 59
40 60
40 61
40 62
40 63
40 64
40 66
40 67
40 68
40 69
40 70
40 72
40 73
40 74
40 75
40 76
40 77
40 78
40 79
40 80
40 81
40 82
40 83
40 85
40 86
40 87
40 88
40 89
40 90
40 91
40 92
40 93
40 94
40 95
40 96
40 97
40 98
40 99
41 42
41 43
41 44
41 45
41 46
41 47
41 48
41 49
41 50
41 51
41 52
41 53
41 54
41 55
41 56
41 57
41 58
41 59
41 60
41 61
41 62
41 63
41 64
41 65
41 66
41 67
41 68
41 69
41 70
41 71
41 72
41 73
41 74
41 75
41 76
41 77
41 78
41 79
41 80
41 81
41 82
41 83
41 85
41 86
41 87
41 88
41 89
41 90
41 91
41 92
41 93
41 94
41 95
41 96
41 97
41 98
41 99
42 43
42 44
42 45
42 47
42 48
42 50
42 51
42 52
42 53
42 54
42 55
42 56
42 57
42 59
42 60
42 61
42 62
42 63
42 64
42 66
42 67
42 68
42 71
42 73
42 74
42 76
42 77
42 78
42 79
42 80
42 81
42 82
42 83
42 84
42 85
42 87
42 90
42 91
42 92
42 93
42 94
42 95
42 96
42 97
42 98
42 99
43 44
43 46
43 49
43 50
43 51
43 52
43 54
43 55
43 56
43 58
43 61
43 62
43 63
43 64
43 65
43 67
43 69
43 72
43 73
43 75
43 76
43 79
43 81
43 85
43 87
43 89
43 91
43 95
43 97
43 99
44 45
44 47
44 48
44 51
44 52
44 53
44 54
44 55
44 56
44 57
44 58
44 59
44 60
44 61
44 62
44 63
44 64
44 65
44 66
44 67
44 68
44 69
44 70
44 71
44 72
44 73
44 74
44 75
44 76
44 77
44 78
44 80
44 81
44 82
44 83
44 84
44 85
44 86
44 87
44 88
44 90
44 91
44 93
44 94
44 95
44 97
44 98
44 99
45 46
45 47
45 48
45 49
45 50
45 51
45 52
45 53
45 54
45 55
45 56
45 57
45 58
45 59
45 60
45 61
45 62
45 63
45 64
45 65
45 66
45 67
45 68
45 69
45 71
45 72
45 73
45 74
45 75
45 76
45 77
45 78
45 79
45 80
45 81
45 82
45 83
45 84
45 85
45 86
45 87
45 88
45 89
45 90
45 91
45 92
45 93
45 94
45 95
45 96
45 97
45 98
45 99
46 48
46 49
46 50
46 56
46 58
46 59
46 60
46 63
46 66
46 67
46 68
46 70
46 71
46 73
46 74
46 76
46 77
46 78
46 79
46 81
46 82
46 83
46 86
46 87
46 88
46 89
46 91
46 92
46 93
46 94
46 95
46 97
46 98
46 99
47 50
47 53
47 54
47 55
47 56
47 57
47 59
47 61
47 62
47 71
47 73
47 76
47 86
47 88
47 95
47 96
47 98
47 99
48 50
48 51
48 52
48 53
48 68
48 72
48 76
48 78
48 83
48 85
48 92
48 96
49 73
49 74
49 88
49 89
49 91
49 94
49 98
50 52
50 53
50 54
50 55
50 58
50 59
50 60
50 61
50 62
50 67
50 68
50 69
50 71
50 72
50 73
50 74
50 75
50 79
50 82
50 84
50 85
50 86
50 89
50 91
50 92
50 93
50 94
50 95
50 96
50 97
51 54
51 55
51 57
51 58
51 59
51 61
51 63
51 66
51 68
51 69
51 70
51 71
51 72
51 78
51 80
51 82
51 84
51 85
51 89
51 91
51 92
51 93
51 94
51 96
51 98
52 55
52 58
52 61
52 62
52 64
52 65
52 66
52 67
52 68
52 69
52 70
52 72
52 73
52 78
52 79
52 80
52 81
52 82
52 83
52 86
52 87
52 88
52 89
52 91
52 92
52 93
52 94
52 96
52 97
53 56
53 57
53 58
53 59
53 60
53 61
53 63
53 65
53 66
53 67
53 69
53 70
53 72
53 74
53 76
53 77
53 78
53 80
53 81
53 83
53 84
53 86
53 87
53 88
53 90
53 91
53 92
53 93
53 95
53 96
53 98
53 99
54 55
54 56
54 59
54 61
54 63
54 64
54 65
54 68
54 69
54 70
54 73
54 74
54 75
54 76
54 77
54 79
54 80
54 81
54 87
54 90
54 91
54 93
54 94
54 95
54 99
55 56
55 57
55 58
55 59
55 60
55 61
55 62
55 63
55 64
55 65
55 66
55 70
55 71
55 72
55 73
55 74
55 75
55 76
55 77
55 78
55 79
55 80
55 82
55 83
55 84
55 85
55 86
55 89
55 90
55 92
55 94
55 95
55 97
55 99
56 58
56 77
56 96
57 58
57 59
57 61
57 62
57 63
57 64
57 65
57 66
57 67
57 68
57 69
57 70
57 71
57 72
57 73
57 74
57 75
57 76
57 77
57 78
57 79
57 80
57 81
57 82
57 83
57 84
57 85
57 86
57 87
57 88
57 89
57 90
57 91
57 92
57 94
57 95
57 96
57 98
57 99
58 74
58 77
58 79
58 80
58 90
58 98
59 64
59 68
59 75
59 76
59 77
59 87
59 92
60 61
60 63
60 66
60 67
60 68
60 69
60 74
60 75
60 78
60 79
60 81
60 84
60 85
60 86
60 87
60 88
60 89
60 90
60 92
60 94
60 95
60 96
60 97
60 98
61 64
61 71
61 74
61 75
61 77
61 87
61 91
61 94
61 99
62 63
62 65
62 70
62 72
62 76
62 77
62 79
62 84
62 87
62 88
62 97
63 80
63 83
63 85
63 95
64 65
64 66
64 67
64 68
64 69
64 70
64 71
64 72
64 73
64 74
64 75
64 76
64 77
64 78
64 79
64 80
64 81
64 82
64 83
64 84
64 85
64 86
64 87
64 88
64 89
64 90
64 91
64 92
64 93
64 94
64 96
64 97
64 98
64 99
65 70
65 71
65 72
65 73
65 74
65 75
65 76
65 80
65 81
65 82
65 84
65 85
65 86
65 87
65 88
65 89
65 90
65 91
65 92
65 93
65 94
65 96
65 97
65 98
66 69
66 70
66 71
66 72
66 73
66 74
66 75
66 76
66 77
66 78
66 79
66 80
66 81
66 83
66 84
66 88
66 90
66 91
66 93
66 95
66 96
66 99
67 68
67 72
67 73
67 74
67 80
67 88
67 91
67 92
67 94
67 96
67 97
67 99
68 70
68 76
68 83
68 86
68 91
68 96
68 97
68 98
69 70
69 71
69 72
69 73
69 74
69 75
69 78
69 80
69 81
69 82
69 85
69 87
69 88
69 90
69 91
69 92
69 93
69 94
69 95
69 97
70 71
70 72
70 74
70 75
70 76
70 77
70 78
70 79
70 80
70 81
70 82
70 83
70 84
70 85
70 86
70 87
70 88
70 89
70 90
70 91
70 92
70 93
70 94
70 95
70 97
70 98
70 99
71 79
71 82
71 83
71 85
71 88
71 97
71 98
71 99
72 73
72 74
72 76
72 77
72 86
72 87
72 88
72 96
72 98
73 77
73 80
73 81
73 82
73 87
73 90
73 92
73 96
73 98
74 75
74 76
74 77
74 78
74 79
74 81
74 82
74 84
74 86
74 88
74 89
74 91
74 92
74 93
74 94
74 95
74 96
74 97
74 98
75 83
75 84
75 87
75 90
75 93
75 94
75 99
76 88
76 89
77 94
77 96
78 82
78 92
78 93
79 81
79 84
79 86
79 87
79 88
79 89
79 90
79 92
79 93
79 94
79 95
79 96
79 97
79 98
79 99
80 81
80 85
80 87
80 90
81 83
81 84
81 85
81 92
81 93
81 94
82 92
82 95
83 84
83 85
83 86
83 87
83 88
83 89
83 90
83 91
83 92
83 93
83 94
83 95
83 96
83 97
83 98
83 99
84 98
85 89
86 87
86 88
86 90
86 91
86 92
86 94
86 95
86 96
86 97
86 98
86 99
87 97
88 89
88 90
88 91
88 92
88 94
88 95
88 96
88 97
89 91
89 93
89 97
89 99
90 91
90 92
90 93
90 96
90 98
91 94
92 93
92 94
92 96
92 97
92 98
93 95
93 96
93 97
93 98
93 99
94 95
94 97
94 99
95 97
96 98
97 98
97 99
98 99
