0 1
0 7
0 11
0 13
0 18
0 23
0 24
0 26
0 28
0 29
0 30
0 31
0 32
0 35
0 38
0 41
0 43
0 46
0 53
0 54
0 55
0 56
0 59
0 63
0 65
0 67
0 69
0 71
0 78
0 85
0 86
0 87
0 91
0 94
0 96
0 98
1 2
1 3
1 4
1 5
1 7
1 8
1 9
1 10
1 12
1 13
1 14
1 15
1 17
1 18
1 19
1 20
1 21
1 22
1 23
1 24
1 25
1 26
1 27
1 29
1 30
1 31
1 32
1 34
1 36
1 37
1 38
1 39
1 40
1 41
1 43
1 44
1 45
1 46
1 47
1 48
1 49
1 50
1 51
1 52
1 53
1 54
1 55
1 56
1 57
1 58
1 60
1 61
1 62
1 63
1 64
1 65
1 66
1 67
1 68
1 70
1 71
1 72
1 74
1 75
1 76
1 77
1 79
1 80
1 81
1 82
1 83
1 84
1 86
1 87
1 90
1 91
1 93
1 94
1 95
1 96
1 98
1 99
2 5
2 6
2 7
2 9
2 10
2 11
2 12
2 13
2 14
2 15
2 16
2 17
2 18
2 19
2 20
2 21
2 22
2 23
2 24
2 25
2 26
2 27
2 28
2 29
2 30
2 33
2 34
2 35
2 36
2 37
2 38
2 39
2 40
2 41
2 43
2 44
2 45
2 46
2 47
2 48
2 49
2 50
2 51
2 52
2 53
2 54
2 55
2 56
2 57
2 58
2 59
2 60
2 61
2 62
2 63
2 64
2 65
2 67
2 68
2 70
2 73
2 74
2 75
2 76
2 77
2 79
2 80
2 81
2 82
2 83
2 84
2 86
2 87
2 88
2 89
2 90
2 91
2 92
2 94
2 95
2 96
2 97
2 98
2 99
3 5
3 9
3 10
3 12
3 14
3 16
3 17
3 18
3 21
3 29
3 31
3 32
3 33
3 36
3 40
3 41
3 42
3 47
3 48
3 50
3 51
3 54
3 56
3 57
3 59
3 60
3 61
3 65
3 67
3 72
3 74
3 76
3 78
3 79
3 81
3 84
3 86
3 87
3 92
3 95
3 97
3 98
4 6
4 7
4 8
4 11
4 12
4 13
4 14
4 18
4 19
4 20
4 22
4 23
4 24
4 25
4 26
4 27
4 28
4 32
4 33
4 34
4 36
4 37
4 38
4 43
4 44
4 45
4 46
4 49
4 50
4 51
4 52
4 53
4 54
4 55
4 56
4 58
4 59
4 60
4 61
4 63
4 65
4 66
4 73
4 74
4 75
4 76
4 77
4 78
4 79
4 80
4 82
4 84
4 85
4 86
4 88
4 89
4 91
4 92
4 96
4 97
4 98
4 99
5 8
5 9
5 12
5 16
5 18
5 19
5 20
5 26
5 33
5 35
5 37
5 38
5 40
5 41
5 43
5 45
5 47
5 49
5 51
5 52
5 53
5 54
5 57
5 59
5 61
5 64
5 68
5 69
5 70
5 72
5 73
5 74
5 75
5 77
5 79
5 80
5 83
5 87
5 89
5 91
5 96
5 99
6 9
6 15
6 17
6 34
6 37
6 46
6 48
6 49
6 59
6 63
6 64
6 68
6 70
6 83
6 87
6 89
7 8
7 17
7 18
7 32
7 37
7 50
7 63
7 69
7 73
7 81
7 87
7 99
8 10
8 12
8 15
8 16
8 20
8 21
8 23
8 24
8 25
8 26
8 27
8 28
8 29
8 30
8 31
8 36
8 38
8 41
8 43
8 44
8 45
8 46
8 48
8 49
8 52
8 53
8 57
8 58
8 59
8 60
8 62
8 63
8 64
8 65
8 66
8 70
8 72
8 73
8 74
8 75
8 78
8 81
8 84
8 85
8 87
8 89
8 94
8 95
8 98
9 18
9 23
9 24
9 36
9 39
9 40
9 45
9 49
9 62
9 71
9 85
9 86
9 87
9 95
9 98
10 57
10 68
10 89
11 12
11 13
11 14
11 15
11 16
11 17
11 18
11 19
11 21
11 22
11 23
11 24
11 25
11 27
11 28
11 29
11 31
11 32
11 33
11 34
11 35
11 36
11 37
11 38
11 39
11 40
11 41
11 42
11 43
11 44
11 45
11 46
11 47
11 48
11 49
11 50
11 52
11 54
11 55
11 56
11 57
11 58
11 59
11 60
11 61
11 62
11 63
11 64
11 65
11 66
11 67
11 68
11 69
11 72
11 73
11 74
11 75
11 76
11 77
11 78
11 79
11 80
11 81
11 84
11 85
11 86
11 87
11 88
11 89
11 90
11 91
11 92
11 94
11 95
11 96
11 97
11 98
11 99
12 13
12 23
12 26
12 33
12 34
12 44
12 45
12 49
12 51
12 52
12 64
12 72
12 87
12 91
12 92
12 98
13 14
13 15
13 16
13 17
13 18
13 19
13 20
13 21
13 22
13 23
13 24
13 25
13 26
13 27
13 28
13 29
13 30
13 31
13 32
13 33
13 34
13 35
13 36
13 37
13 38
13 39
13 41
13 42
13 43
13 44
13 46
13 47
13 48
13 49
13 50
13 51
13 52
13 53
13 54
13 55
13 56
13 57
13 58
13 59
13 60
13 61
13 62
13 63
13 64
13 65
13 66
13 67
13 68
13 69
13 70
13 71
13 72
13 73
13 74
13 75
13 76
13 77
13 78
13 79
13 80
13 81
13 82
13 83
13 84
13 85
13 86
13 87
13 88
13 89
13 90
13 91
13 92
13 93
13 94
13 95
13 96
13 98
13 99
14 15
14 16
14 22
14 24
14 41
14 43
14 45
14 48
14 50
14 57
14 64
14 66
14 82
14 99
15 17
15 19
15 21
15 22
15 23
15 24
15 25
15 26
15 27
15 28
15 29
15 30
15 31
15 35
15 36
15 37
15 40
15 41
15 42
15 44
15 45
15 46
15 47
15 48
15 51
15 52
15 54
15 57
15 59
15 61
15 62
15 66
15 68
15 69
15 71
15 72
15 75
15 76
15 79
15 82
15 83
15 85
15 86
15 87
15 88
15 89
15 91
15 97
15 98
15 99
16 38
16 42
16 61
17 18
17 19
17 20
17 24
17 25
17 28
17 29
17 35
17 36
17 38
17 42
17 47
17 48
17 52
17 53
17 56
17 59
17 60
17 63
17 66
17 69
17 70
17 73
17 76
17 77
17 82
17 86
17 89
17 93
17 94
17 95
17 96
17 99
18 20
18 21
18 22
18 23
18 24
18 28
18 29
18 30
18 33
18 35
18 36
18 38
18 39
18 41
18 42
18 43
18 44
18 45
18 46
18 47
18 48
18 49
18 50
18 52
18 57
18 59
18 60
18 61
18 62
18 64
18 65
18 66
18 68
18 69
18 71
18 72
18 73
18 74
18 75
18 77
18 78
18 80
18 82
18 83
18 84
18 85
18 87
18 89
18 91
18 93
18 94
18 95
18 96
18 97
18 98
18 99
19 20
19 21
19 24
19 26
19 27
19 28
19 29
19 33
19 35
19 36
19 38
19 40
19 41
19 42
19 43
19 44
19 45
19 46
19 47
19 48
19 49
19 51
19 52
19 54
19 55
19 56
19 57
19 58
19 59
19 60
19 61
19 64
19 66
19 67
19 68
19 69
19 70
19 72
19 73
19 74
19 75
19 76
19 77
19 78
19 79
19 80
19 82
19 83
19 86
19 87
19 88
19 89
19 90
19 91
19 92
19 93
19 94
19 96
19 97
19 98
19 99
20 21
20 24
20 25
20 26
20 27
20 28
20 29
20 30
20 31
20 34
20 35
20 36
20 38
20 40
20 41
20 43
20 44
20 45
20 46
20 47
20 48
20 49
20 50
20 51
20 52
20 53
20 54
20 55
20 56
20 57
20 60
20 61
20 62
20 63
20 65
20 69
20 71
20 74
20 75
20 77
20 79
20 82
20 83
20 84
20 85
20 86
20 88
20 89
20 90
20 92
20 93
20 96
20 97
20 98
20 99
21 22
21 23
21 24
21 26
21 27
21 28
21 29
21 31
21 32
21 36
21 37
21 38
21 39
21 40
21 41
21 42
21 43
21 44
21 45
21 46
21 47
21 48
21 49
21 56
21 58
21 59
21 61
21 63
21 64
21 66
21 67
21 69
21 70
21 71
21 72
21 73
21 74
21 75
21 79
21 80
21 81
21 82
21 84
21 85
21 87
21 90
21 92
21 93
21 94
21 95
21 96
21 97
21 98
21 99
22 23
22 30
22 31
22 36
22 41
22 44
22 48
22 52
22 56
22 59
22 60
22 62
22 64
22 65
22 66
22 72
22 75
22 78
22 79
22 80
22 83
22 87
22 89
22 90
22 92
22 95
22 96
22 97
22 98
22 99
23 24
23 25
23 30
23 31
23 34
23 36
23 38
23 40
23 42
23 48
23 56
23 57
23 59
23 60
23 61
23 62
23 64
23 65
23 67
23 70
23 71
23 72
23 76
23 77
23 78
23 79
23 82
23 83
23 84
23 87
23 90
23 92
23 93
23 95
23 96
23 99
24 25
24 26
24 27
24 28
24 29
24 30
24 31
24 32
24 33
24 35
24 36
24 37
24 38
24 39
24 40
24 41
24 42
24 43
24 44
24 47
24 48
24 49
24 50
24 51
24 53
24 54
24 55
24 57
24 58
24 59
24 60
24 62
24 63
24 64
24 65
24 66
24 68
24 69
24 70
24 71
24 72
24 73
24 75
24 77
24 78
24 79
24 81
24 82
24 85
24 86
24 88
24 89
24 90
24 91
24 93
24 96
24 97
24 98
25 26
25 28
25 29
25 30
25 31
25 34
25 36
25 40
25 42
25 43
25 46
25 47
25 48
25 49
25 51
25 52
25 53
25 55
25 56
25 58
25 63
25 72
25 74
25 78
25 79
25 82
25 83
25 90
25 92
25 94
25 96
25 97
25 98
25 99
26 28
26 30
26 31
26 32
26 33
26 34
26 35
26 37
26 38
26 39
26 40
26 41
26 42
26 43
26 44
26 45
26 46
26 47
26 48
26 49
26 50
26 51
26 52
26 53
26 55
26 56
26 57
26 58
26 59
26 60
26 61
26 62
26 63
26 64
26 66
26 67
26 68
26 69
26 71
26 73
26 74
26 75
26 76
26 77
26 78
26 79
26 80
26 83
26 85
26 86
26 87
26 88
26 89
26 90
26 91
26 92
26 93
26 94
26 95
26 96
26 97
26 98
26 99
27 28
27 29
27 30
27 31
27 32
27 34
27 35
27 36
27 37
27 38
27 39
27 41
27 42
27 44
27 47
27 50
27 51
27 53
27 54
27 55
27 57
27 58
27 61
27 62
27 64
27 66
27 67
27 69
27 70
27 71
27 72
27 73
27 74
27 76
27 79
27 81
27 82
27 83
27 84
27 85
27 86
27 87
27 88
27 91
27 93
27 94
27 96
27 97
27 99
28 29
28 30
28 31
28 32
28 33
28 34
28 36
28 37
28 38
28 39
28 40
28 41
28 42
28 43
28 44
28 45
28 47
28 48
28 49
28 51
28 52
28 53
28 55
28 56
28 57
28 59
28 60
28 61
28 63
28 64
28 65
28 66
28 67
28 68
28 69
28 72
28 74
28 76
28 78
28 80
28 81
28 82
28 84
28 85
28 86
28 87
28 88
28 89
28 90
28 91
28 92
28 93
28 94
28 96
28 97
28 98
28 99
29 31
29 32
29 33
29 34
29 35
29 37
29 38
29 39
29 40
29 42
29 43
29 44
29 45
29 46
29 47
29 48
29 49
29 52
29 53
29 55
29 56
29 57
29 58
29 59
29 60
29 62
29 64
29 65
29 66
29 67
29 69
29 70
29 72
29 73
29 74
29 75
29 76
29 77
29 78
29 79
29 80
29 81
29 82
29 83
29 84
29 86
29 87
29 88
29 89
29 91
29 92
29 93
29 94
29 95
29 96
29 97
29 99
30 31
30 32
30 33
30 34
30 36
30 42
30 43
30 44
30 45
30 46
30 47
30 48
30 49
30 51
30 57
30 61
30 64
30 65
30 66
30 72
30 76
30 79
30 80
30 83
30 87
30 88
30 90
30 93
30 94
31 33
31 34
31 38
31 39
31 42
31 43
31 45
31 50
31 57
31 62
31 63
31 66
31 67
31 71
31 74
31 80
31 81
31 84
31 85
31 87
31 88
31 90
31 92
31 97
31 99
32 34
32 36
32 38
32 39
32 40
32 42
32 44
32 45
32 46
32 47
32 49
32 50
32 52
32 53
32 55
32 56
32 60
32 61
32 62
32 63
32 64
32 66
32 67
32 68
32 71
32 73
32 74
32 76
32 77
32 81
32 84
32 85
32 87
32 88
32 89
32 91
32 93
32 95
32 96
32 98
32 99
33 34
33 35
33 36
33 37
33 38
33 39
33 40
33 41
33 42
33 43
33 44
33 45
33 46
33 47
33 48
33 49
33 50
33 52
33 53
33 54
33 55
33 56
33 57
33 58
33 59
33 60
33 61
33 62
33 63
33 64
33 65
33 66
33 68
33 69
33 70
33 71
33 72
33 73
33 74
33 75
33 76
33 77
33 79
33 80
33 81
33 82
33 83
33 84
33 85
33 87
33 88
33 89
33 90
33 91
33 92
33 93
33 94
33 95
33 96
33 97
33 98
33 99
34 36
34 38
34 40
34 41
34 42
34 43
34 44
34 46
34 48
34 49
34 52
34 54
34 58
34 59
34 60
34 61
34 63
34 65
34 67
34 68
34 71
34 72
34 74
34 76
34 78
34 80
34 81
34 83
34 85
34 86
34 88
34 96
34 99
35 88
36 38
36 39
36 40
36 42
36 43
36 44
36 45
36 46
36 47
36 48
36 49
36 50
36 51
36 52
36 53
36 54
36 55
36 56
36 57
36 59
36 63
36 64
36 67
36 70
36 71
36 72
36 73
36 74
36 75
36 76
36 77
36 78
36 79
36 80
36 82
36 83
36 85
36 86
36 87
36 88
36 89
36 90
36 91
36 92
36 93
36 94
36 95
36 96
36 98
36 99
37 38
37 40
37 41
37 42
37 43
37 44
37 46
37 48
37 49
37 50
37 51
37 52
37 53
37 54
37 56
37 57
37 58
37 59
37 61
37 62
37 63
37 64
37 65
37 66
37 67
37 68
37 69
37 70
37 71
37 72
37 73
37 74
37 75
37 76
37 77
37 79
37 80
37 81
37 82
37 83
37 84
37 85
37 86
37 87
37 88
37 89
37 91
37 92
37 93
37 94
37 95
37 97
37 98
38 75
39 41
39 43
39 54
39 57
39 59
39 61
39 64
39 65
39 68
39 70
39 76
39 82
39 87
39 92
39 95
39 96
39 99
40 43
40 45
40 46
40 47
40 48
40 49
40 50
40 51
40 52
40 53
40 55
40 56
40 58
40 60
40 61
40 62
40 63
40 69
40 71
40 72
40 73
40 74
40 77
40 79
40 80
40 82
40 83
40 84
40 85
40 86
40 87
40 88
40 90
40 91
40 92
40 93
40 94
40 95
40 96
40 97
40 98
40 99
41 43
41 49
41 54
41 56
41 59
41 61
41 62
41 63
41 64
41 65
41 66
41 67
41 73
41 75
41 77
41 78
41 79
41 86
41 87
41 88
41 92
41 96
41 98
41 99
42 43
42 44
42 45
42 46
42 47
42 48
42 49
42 50
42 51
42 52
42 53
42 54
42 55
42 56
42 57
42 59
42 60
42 61
42 62
42 63
42 64
42 65
42 66
42 67
42 68
42 69
42 70
42 71
42 72
42 74
42 75
42 76
42 77
42 78
42 79
42 80
42 81
42 82
42 83
42 84
42 85
42 86
42 87
42 88
42 89
42 90
42 91
42 92
42 93
42 94
42 95
42 96
42 97
42 98
42 99
43 44
43 45
43 46
43 47
43 48
43 49
43 50
43 51
43 52
43 53
43 54
43 55
43 56
43 57
43 58
43 59
43 60
43 61
43 62
43 63
43 64
43 65
43 66
43 67
43 68
43 69
43 70
43 71
43 72
43 73
43 74
43 75
43 76
43 77
43 78
43 79
43 80
43 82
43 83
43 84
43 85
43 86
43 88
43 89
43 90
43 91
43 92
43 93
43 94
43 95
43 96
43 97
43 98
43 99
44 47
44 49
44 50
44 51
44 54
44 59
44 61
44 62
44 66
44 67
44 68
44 76
44 77
44 78
44 83
44 84
44 85
44 86
44 87
44 88
44 96
44 98
44 99
45 48
45 49
45 50
45 56
45 57
45 58
45 61
45 63
45 64
45 65
45 66
45 67
45 69
45 70
45 72
45 75
45 80
45 87
45 88
45 90
45 92
45 95
45 97
46 47
46 48
46 50
46 53
46 54
46 55
46 56
46 57
46 58
46 59
46 61
46 62
46 63
46 64
46 66
46 67
46 73
46 75
46 76
46 77
46 78
46 79
46 80
46 81
46 82
46 83
46 84
46 85
46 86
46 89
46 90
46 91
46 92
46 93
46 94
46 95
46 96
46 97
46 99
47 48
47 49
47 50
47 52
47 54
47 57
47 58
47 59
47 60
47 61
47 63
47 64
47 65
47 66
47 67
47 68
47 69
47 70
47 72
47 74
47 75
47 76
47 77
47 78
47 79
47 80
47 81
47 82
47 83
47 84
47 86
47 87
47 88
47 90
47 92
47 94
47 95
47 97
47 98
47 99
48 49
48 50
48 58
48 62
48 68
48 74
48 84
48 88
48 91
48 99
49 51
49 61
49 72
49 73
49 75
49 80
49 84
49 93
49 94
49 97
50 51
50 52
50 53
50 54
50 55
50 56
50 59
50 60
50 65
50 67
50 68
50 69
50 71
50 72
50 73
50 74
50 76
50 77
50 79
50 81
50 84
50 85
50 87
50 88
50 89
50 90
50 91
50 93
50 94
50 95
50 97
50 98
50 99
51 53
51 54
51 55
51 56
51 58
51 59
51 60
51 61
51 62
51 66
51 67
51 68
51 69
51 70
51 72
51 73
51 75
51 77
51 78
51 79
51 81
51 82
51 83
51 84
51 86
51 87
51 88
51 91
51 92
51 93
51 95
51 96
51 99
52 54
52 57
52 58
52 60
52 62
52 63
52 64
52 65
52 66
52 67
52 68
52 69
52 70
52 71
52 74
52 75
52 76
52 77
52 78
52 79
52 80
52 81
52 83
52 86
52 88
52 90
52 91
52 95
52 96
52 99
53 54
53 55
53 56
53 57
53 58
53 59
53 60
53 61
53 62
53 63
53 64
53 65
53 69
53 70
53 75
53 77
53 78
53 79
53 80
53 81
53 84
53 86
53 87
53 88
53 89
53 90
53 91
53 93
53 95
53 96
53 97
54 56
54 58
54 60
54 61
54 63
54 65
54 68
54 77
54 78
54 82
54 89
54 90
54 91
55 63
55 70
55 79
55 97
55 98
56 63
56 64
56 70
56 73
56 79
56 89
56 99
57 60
57 61
57 65
57 66
57 72
57 74
57 78
57 80
57 82
57 85
57 91
57 96
57 98
57 99
58 60
58 67
58 71
58 82
58 84
59 66
59 80
59 86
59 87
59 98
60 62
60 63
60 64
60 65
60 67
60 69
60 70
60 73
60 76
60 78
60 79
60 80
60 82
60 83
60 87
60 88
60 93
60 94
60 95
60 97
60 98
60 99
61 63
61 65
61 67
61 68
61 69
61 71
61 72
61 74
61 75
61 78
61 79
61 80
61 81
61 82
61 84
61 85
61 88
61 93
61 94
61 96
61 98
62 64
62 65
62 66
62 67
62 68
62 69
62 70
62 71
62 72
62 73
62 74
62 75
62 76
62 77
62 78
62 79
62 80
62 81
62 82
62 83
62 84
62 85
62 86
62 88
62 89
62 90
62 91
62 92
62 93
62 94
62 95
62 96
62 98
62 99
63 70
63 71
63 73
63 74
63 75
63 78
63 80
63 81
63 88
63 99
64 77
64 88
65 66
65 67
65 68
65 69
65 70
65 72
65 73
65 74
65 75
65 76
65 78
65 82
65 83
65 85
65 86
65 87
65 88
65 89
65 91
65 92
65 94
65 96
65 97
65 98
65 99
66 67
66 68
66 69
66 71
66 72
66 73
66 74
66 75
66 76
66 77
66 78
66 79
66 82
66 83
66 84
66 85
66 86
66 87
66 88
66 89
66 90
66 91
66 92
66 93
66 94
66 95
66 96
66 97
66 98
67 69
67 72
67 79
67 80
67 82
67 84
67 89
67 91
67 94
68 69
68 70
68 71
68 72
68 73
68 74
68 75
68 76
68 77
68 78
68 79
68 80
68 81
68 82
68 83
68 84
68 85
68 86
68 87
68 88
68 89
68 90
68 91
68 92
68 93
68 94
68 95
68 96
68 97
68 98
68 99
69 70
69 71
69 72
69 74
69 75
69 76
69 77
69 78
69 79
69 80
69 81
69 82
69 83
69 84
69 85
69 86
69 88
69 89
69 90
69 91
69 92
69 93
69 94
69 95
69 96
69 97
69 98
70 72
70 73
70 75
70 76
70 77
70 78
70 80
70 81
70 83
70 84
70 86
70 87
70 88
70 89
70 91
70 92
70 93
70 94
70 95
70 96
70 97
70 98
71 77
71 92
72 73
72 74
72 76
72 80
72 86
72 87
72 88
72 98
73 74
73 75
73 76
73 77
73 78
73 79
73 80
73 81
73 82
73 83
73 84
73 85
73 86
73 87
73 88
73 90
73 91
73 92
73 93
73 94
73 97
73 98
73 99
74 75
74 77
74 78
74 79
74 81
74 84
74 85
74 86
74 90
74 92
74 94
74 96
74 98
75 76
75 77
75 78
75 79
75 80
75 81
75 82
75 83
75 84
75 85
75 86
75 87
75 88
75 89
75 90
75 91
75 92
75 93
75 94
75 95
75 96
75 97
75 98
75 99
76 77
76 78
76 79
76 80
76 81
76 82
76 83
76 84
76 85
76 86
76 87
76 88
76 90
76 91
76 92
76 93
76 94
76 95
76 96
76 97
76 98
76 99
77 78
77 79
77 80
77 81
77 83
77 84
77 85
77 86
77 87
77 88
77 89
77 90
77 93
77 94
77 95
77 96
77 97
77 98
77 99
78 80
78 90
78 95
79 80
79 81
79 82
79 83
79 84
79 86
79 87
79 88
79 89
79 90
79 91
79 92
79 93
79 94
79 95
79 97
79 98
79 99
80 82
80 90
81 84
81 85
81 86
81 98
82 83
82 84
82 85
82 86
82 87
82 89
82 90
82 91
82 92
82 93
82 96
82 97
83 89
83 97
84 85
84 88
84 91
84 93
84 94
84 96
84 99
85 86
85 87
85 88
85 89
85 90
85 92
85 93
85 96
85 97
85 98
85 99
86 87
86 89
86 90
86 91
86 92
86 93
86 95
86 99
87 90
87 92
87 93
87 94
87 95
88 89
88 90
88 91
88 92
88 93
88 94
88 95
88 96
88 98
88 99
89 99
90 91
90 92
90 93
90 96
90 97
90 98
91 92
91 94
91 95
91 96
91 97
91 98
92 93
92 94
92 95
92 96
92 97
92 98
92 99
93 94
93 95
93 96
93 98
93 99
94 95
94 96
94 98
94 99
95 96
95 97
95 98
96 97
96 99
97 99
98 99
