0 1
0 3
0 5
0 6
0 12
0 13
0 16
0 17
0 20
0 21
0 22
0 23
0 24
0 27
0 28
0 29
0 30
0 31
0 34
0 38
0 39
0 40
0 43
0 44
0 45
0 46
0 48
0 49
0 50
0 51
0 54
0 55
0 58
0 61
0 62
0 63
0 64
0 66
0 68
0 71
0 72
0 73
0 75
0 76
0 78
0 80
0 81
0 82
0 84
0 85
0 87
0 90
0 94
0 95
0 96
0 97
0 98
0 99
1 5
1 6
1 7
1 8
1 12
1 14
1 16
1 19
1 21
1 25
1 26
1 28
1 32
1 35
1 39
1 40
1 41
1 44
1 46
1 48
1 49
1 51
1 52
1 53
1 56
1 58
1 60
1 62
1 66
1 67
1 69
1 70
1 71
1 72
1 73
1 74
1 81
1 84
1 85
1 86
1 88
1 89
1 90
1 91
1 93
1 96
1 97
1 98
2 26
2 66
2 77
2 82
2 91
3 5
3 7
3 11
3 14
3 15
3 18
3 19
3 20
3 24
3 25
3 35
3 42
3 46
3 56
3 60
3 65
3 66
3 67
3 68
3 74
3 77
3 79
3 81
3 85
3 87
3 92
3 93
3 97
4 5
4 6
4 8
4 10
4 11
4 12
4 13
4 14
4 16
4 17
4 18
4 19
4 20
4 21
4 24
4 25
4 26
4 27
4 28
4 29
4 31
4 33
4 34
4 39
4 40
4 41
4 44
4 46
4 47
4 48
4 50
4 51
4 52
4 54
4 55
4 60
4 61
4 62
4 63
4 64
4 65
4 66
4 67
4 68
4 69
4 70
4 71
4 72
4 73
4 75
4 77
4 78
4 80
4 81
4 82
4 83
4 84
4 87
4 89
4 91
4 95
4 97
4 98
4 99
5 6
5 8
5 9
5 11
5 12
5 13
5 14
5 15
5 16
5 17
5 18
5 20
5 21
5 23
5 25
5 27
5 28
5 29
5 31
5 32
5 33
5 34
5 35
5 36
5 37
5 38
5 40
5 41
5 42
5 43
5 44
5 46
5 47
5 48
5 50
5 51
5 52
5 54
5 55
5 56
5 58
5 60
5 62
5 63
5 65
5 66
5 67
5 69
5 71
5 73
5 74
5 77
5 78
5 79
5 80
5 81
5 82
5 83
5 84
5 85
5 86
5 87
5 88
5 89
5 90
5 91
5 92
5 94
5 95
5 96
5 97
5 98
5 99
6 8
6 9
6 10
6 11
6 12
6 13
6 14
6 16
6 17
6 19
6 20
6 21
6 24
6 25
6 26
6 28
6 29
6 31
6 32
6 35
6 36
6 37
6 38
6 39
6 40
6 41
6 42
6 43
6 44
6 45
6 46
6 47
6 48
6 49
6 50
6 53
6 54
6 55
6 56
6 57
6 58
6 60
6 61
6 62
6 63
6 66
6 67
6 68
6 69
6 70
6 71
6 72
6 74
6 75
6 76
6 77
6 79
6 83
6 85
6 86
6 87
6 88
6 89
6 90
6 91
6 92
6 93
6 94
6 97
7 8
7 10
7 18
7 19
7 20
7 21
7 24
7 28
7 30
7 33
7 34
7 35
7 38
7 41
7 42
7 45
7 49
7 57
7 58
7 61
7 62
7 64
7 65
7 70
7 72
7 74
7 76
7 78
7 81
7 83
7 84
7 85
7 89
7 90
7 91
7 95
7 97
8 12
8 17
8 23
8 37
8 46
8 48
8 50
8 51
8 55
8 57
8 59
8 61
8 66
8 70
8 73
8 76
8 79
8 83
8 84
8 87
8 88
8 89
8 96
8 97
8 99
9 10
9 12
9 13
9 15
9 16
9 19
9 20
9 21
9 22
9 23
9 24
9 25
9 26
9 27
9 28
9 29
9 30
9 32
9 34
9 36
9 37
9 38
9 39
9 40
9 41
9 42
9 43
9 44
9 45
9 46
9 47
9 48
9 49
9 50
9 51
9 52
9 53
9 56
9 57
9 58
9 59
9 60
9 61
9 62
9 64
9 65
9 67
9 68
9 70
9 71
9 72
9 73
9 74
9 76
9 77
9 78
9 79
9 80
9 81
9 82
9 83
9 85
9 86
9 87
9 88
9 89
9 90
9 91
9 92
9 93
9 94
9 95
9 97
9 98
9 99
10 13
10 15
10 21
10 30
10 38
10 40
10 42
10 49
10 67
10 70
10 77
10 88
10 90
10 92
10 99
11 16
11 27
11 28
11 31
11 38
11 39
11 40
11 52
11 56
11 66
11 74
11 82
11 87
11 88
11 89
11 90
11 93
11 94
12 13
12 14
12 17
12 18
12 21
12 22
12 23
12 26
12 27
12 28
12 32
12 33
12 34
12 35
12 37
12 38
12 40
12 44
12 45
12 46
12 50
12 51
12 52
12 54
12 55
12 56
12 57
12 62
12 63
12 64
12 65
12 67
12 68
12 69
12 70
12 71
12 72
12 75
12 76
12 78
12 79
12 80
12 81
12 82
12 88
12 90
12 91
12 96
12 99
13 16
13 17
13 20
13 26
13 27
13 39
13 50
13 59
13 63
13 71
13 81
13 82
13 91
14 22
14 32
14 33
14 35
14 53
14 55
14 65
14 67
14 71
14 80
14 81
14 85
15 17
15 18
15 21
15 22
15 26
15 28
15 30
15 31
15 32
15 35
15 36
15 39
15 40
15 42
15 44
15 51
15 53
15 54
15 55
15 56
15 57
15 60
15 61
15 62
15 67
15 69
15 74
15 76
15 80
15 81
15 83
15 84
15 85
15 86
15 88
15 89
15 90
15 91
15 92
15 95
15 96
15 99
16 17
16 18
16 19
16 21
16 22
16 23
16 24
16 25
16 26
16 27
16 28
16 29
16 30
16 31
16 32
16 33
16 34
16 35
16 36
16 37
16 38
16 39
16 41
16 42
16 43
16 44
16 45
16 46
16 47
16 48
16 49
16 50
16 51
16 52
16 53
16 54
16 55
16 56
16 57
16 58
16 59
16 60
16 61
16 62
16 63
16 64
16 65
16 66
16 67
16 68
16 70
16 71
16 72
16 73
16 74
16 75
16 76
16 77
16 78
16 79
16 80
16 81
16 82
16 83
16 84
16 85
16 86
16 87
16 88
16 89
16 90
16 91
16 92
16 93
16 94
16 95
16 96
16 97
16 98
16 99
17 21
17 22
17 24
17 26
17 29
17 33
17 34
17 35
17 36
17 37
17 38
17 44
17 45
17 46
17 47
17 48
17 50
17 54
17 57
17 58
17 61
17 62
17 64
17 65
17 68
17 69
17 71
17 79
17 80
17 81
17 83
17 84
17 86
17 91
17 92
17 98
17 99
18 20
18 24
18 29
18 41
18 43
18 57
18 59
18 61
18 67
18 68
18 81
18 83
18 98
19 20
19 21
19 24
19 26
19 27
19 29
19 31
19 32
19 36
19 37
19 40
19 41
19 42
19 44
19 45
19 46
19 49
19 51
19 52
19 53
19 58
19 64
19 65
19 68
19 69
19 76
19 79
19 81
19 83
19 87
19 89
19 92
19 94
19 97
19 98
20 21
20 22
20 23
20 24
20 28
20 29
20 30
20 32
20 33
20 35
20 38
20 40
20 43
20 44
20 45
20 46
20 48
20 49
20 51
20 54
20 56
20 57
20 59
20 60
20 61
20 63
20 64
20 65
20 67
20 68
20 69
20 70
20 71
20 72
20 73
20 77
20 80
20 81
20 82
20 86
20 87
20 90
20 96
21 22
21 23
21 25
21 29
21 30
21 31
21 32
21 33
21 34
21 35
21 36
21 39
21 40
21 41
21 42
21 44
21 45
21 46
21 50
21 51
21 52
21 53
21 54
21 55
21 58
21 59
21 64
21 65
21 68
21 69
21 71
21 72
21 73
21 74
21 75
21 76
21 79
21 80
21 83
21 84
21 86
21 87
21 88
21 89
21 91
21 93
21 94
21 95
21 96
21 97
21 98
21 99
22 28
22 35
22 63
22 72
22 81
22 93
23 24
23 28
23 30
23 32
23 33
23 35
23 36
23 39
23 47
23 48
23 49
23 50
23 52
23 53
23 55
23 56
23 57
23 58
23 62
23 63
23 64
23 65
23 68
23 69
23 72
23 73
23 76
23 78
23 80
23 83
23 84
23 86
23 87
23 88
23 92
23 93
23 94
23 95
24 31
24 36
24 44
24 56
24 57
24 61
24 81
24 91
25 28
25 34
25 36
25 38
25 40
25 42
25 48
25 60
25 61
25 70
25 77
25 80
25 83
25 86
25 88
25 93
26 27
26 29
26 30
26 31
26 35
26 36
26 37
26 38
26 39
26 41
26 44
26 46
26 48
26 50
26 51
26 53
26 54
26 56
26 58
26 59
26 60
26 61
26 62
26 63
26 64
26 65
26 67
26 72
26 76
26 77
26 80
26 82
26 83
26 84
26 86
26 87
26 88
26 91
26 93
26 95
26 97
26 99
27 38
27 40
27 71
27 72
27 92
28 30
28 31
28 33
28 34
28 36
28 41
28 43
28 45
28 46
28 49
28 51
28 52
28 55
28 58
28 62
28 63
28 64
28 67
28 73
28 75
28 76
28 78
28 79
28 86
28 91
28 92
28 94
28 95
28 97
29 31
29 32
29 44
29 47
29 48
29 51
29 54
29 56
29 58
29 59
29 61
29 62
29 63
29 66
29 67
29 70
29 71
29 76
29 77
29 78
29 81
29 88
29 90
29 93
29 98
30 34
30 36
30 58
30 69
30 71
30 72
30 75
30 76
30 85
31 35
31 42
31 56
31 61
31 73
31 78
31 83
31 86
31 87
31 88
31 91
32 33
32 37
32 38
32 39
32 40
32 41
32 42
32 43
32 44
32 45
32 46
32 49
32 50
32 51
32 53
32 54
32 56
32 57
32 58
32 59
32 60
32 62
32 63
32 64
32 65
32 66
32 67
32 68
32 70
32 71
32 72
32 73
32 75
32 76
32 77
32 78
32 79
32 80
32 83
32 86
32 87
32 90
32 91
32 92
32 93
32 94
32 95
32 97
32 98
32 99
33 34
33 35
33 37
33 39
33 40
33 43
33 55
33 57
33 58
33 63
33 64
33 67
33 68
33 70
33 74
33 76
33 78
33 82
33 85
33 86
33 89
33 90
33 91
33 92
33 95
33 96
34 38
34 43
34 46
34 50
34 51
34 54
34 56
34 58
34 60
34 62
34 64
34 66
34 67
34 69
34 70
34 74
34 76
34 78
34 80
34 81
34 83
34 85
34 87
34 89
34 91
34 92
34 94
34 95
34 96
34 97
34 98
35 36
35 37
35 38
35 39
35 41
35 42
35 43
35 44
35 45
35 46
35 47
35 48
35 49
35 50
35 51
35 52
35 53
35 54
35 56
35 57
35 60
35 61
35 62
35 63
35 64
35 65
35 66
35 67
35 68
35 69
35 70
35 71
35 72
35 75
35 76
35 77
35 78
35 79
35 80
35 81
35 82
35 84
35 85
35 87
35 88
35 90
35 91
35 92
35 93
35 94
35 95
35 96
35 97
35 98
35 99
36 37
36 38
36 39
36 41
36 42
36 43
36 44
36 45
36 46
36 47
36 48
36 49
36 50
36 51
36 52
36 53
36 54
36 55
36 56
36 57
36 58
36 59
36 60
36 61
36 62
36 63
36 64
36 65
36 66
36 69
36 70
36 71
36 72
36 73
36 74
36 75
36 76
36 77
36 79
36 80
36 82
36 83
36 84
36 86
36 87
36 88
36 89
36 91
36 92
36 93
36 94
36 96
36 97
36 98
36 99
37 40
37 41
37 44
37 56
37 57
37 66
37 73
37 88
37 94
38 39
38 41
38 42
38 43
38 45
38 46
38 47
38 48
38 49
38 50
38 51
38 52
38 53
38 55
38 56
38 58
38 60
38 62
38 64
38 65
38 66
38 67
38 68
38 69
38 70
38 71
38 72
38 73
38 74
38 75
38 76
38 77
38 78
38 79
38 81
38 83
38 84
38 86
38 87
38 88
38 89
38 90
38 91
38 92
38 93
38 94
38 95
38 97
38 98
38 99
39 41
39 42
39 43
39 45
39 46
39 47
39 51
39 52
39 54
39 55
39 56
39 58
39 59
39 60
39 61
39 62
39 63
39 64
39 65
39 68
39 69
39 70
39 71
39 73
39 74
39 75
39 76
39 77
39 79
39 80
39 81
39 82
39 83
39 84
39 85
39 86
39 87
39 88
39 89
39 90
39 91
39 92
39 93
39 95
39 97
39 98
39 99
40 45
40 57
40 62
40 65
40 69
40 70
40 72
40 75
40 76
40 78
40 79
40 81
40 82
40 84
40 86
40 89
40 91
41 43
41 56
41 58
41 62
41 63
41 68
41 72
41 73
41 75
41 79
41 83
41 92
41 93
41 95
41 99
42 44
42 45
42 47
42 51
42 53
42 56
42 63
42 64
42 69
42 72
42 74
42 77
42 82
42 84
42 85
42 86
42 88
42 89
42 93
42 94
42 98
42 99
43 46
43 56
43 58
43 59
43 60
43 62
43 63
43 66
43 68
43 71
43 74
43 75
43 77
43 79
43 80
43 82
43 83
43 84
43 85
43 86
43 87
43 89
43 95
43 96
43 97
44 47
44 48
44 57
44 61
44 64
44 65
44 69
44 70
44 75
44 78
44 79
44 89
44 93
44 95
44 96
44 97
44 99
45 50
45 54
45 55
45 57
45 60
45 62
45 69
45 70
45 72
45 73
45 75
45 76
45 79
45 83
45 84
45 86
45 87
45 88
45 95
45 99
46 47
46 49
46 54
46 63
46 78
46 87
46 99
47 48
47 49
47 50
47 51
47 52
47 53
47 54
47 56
47 57
47 58
47 59
47 61
47 62
47 63
47 64
47 65
47 66
47 67
47 69
47 70
47 71
47 74
47 76
47 77
47 78
47 79
47 81
47 82
47 83
47 85
47 86
47 87
47 88
47 89
47 90
47 91
47 92
47 94
47 95
47 96
47 97
47 98
47 99
48 49
48 50
48 51
48 52
48 53
48 54
48 55
48 56
48 57
48 58
48 59
48 60
48 61
48 62
48 63
48 64
48 65
48 67
48 68
48 70
48 71
48 72
48 73
48 74
48 75
48 76
48 77
48 78
48 79
48 81
48 82
48 83
48 84
48 85
48 86
48 87
48 88
48 89
48 90
48 91
48 92
48 93
48 94
48 95
48 96
48 97
48 98
48 99
49 52
49 54
49 62
49 69
49 70
49 77
49 87
49 93
49 96
50 51
50 56
50 64
50 68
50 72
50 80
50 81
50 86
50 88
50 89
50 92
51 52
51 53
51 54
51 55
51 56
51 57
51 58
51 59
51 60
51 61
51 62
51 63
51 64
51 65
51 67
51 68
51 69
51 70
51 71
51 72
51 74
51 75
51 76
51 77
51 78
51 79
51 80
51 81
51 82
51 83
51 84
51 85
51 86
51 87
51 88
51 89
51 90
51 92
51 93
51 94
51 95
51 96
51 97
51 98
51 99
52 55
52 56
52 57
52 58
52 59
52 60
52 62
52 63
52 67
52 68
52 70
52 71
52 72
52 75
52 79
52 80
52 81
52 82
52 83
52 84
52 87
52 88
52 89
52 90
52 91
52 92
52 93
52 94
52 95
52 97
52 98
52 99
53 54
53 55
53 56
53 57
53 58
53 59
53 60
53 61
53 62
53 63
53 64
53 65
53 66
53 67
53 68
53 69
53 70
53 71
53 72
53 73
53 74
53 75
53 76
53 77
53 78
53 79
53 80
53 81
53 82
53 83
53 84
53 85
53 86
53 87
53 88
53 89
53 90
53 91
53 92
53 93
53 94
53 95
53 96
53 97
53 98
53 99
54 55
54 59
54 60
54 63
54 64
54 65
54 69
54 70
54 71
54 72
54 73
54 76
54 77
54 78
54 80
54 85
54 87
54 88
54 89
54 91
54 92
54 93
54 94
54 97
55 56
55 58
55 59
55 62
55 64
55 67
55 68
55 69
55 70
55 71
55 72
55 78
55 79
55 80
55 82
55 83
55 87
55 88
55 89
55 90
55 91
55 92
55 93
55 94
55 95
55 97
56 57
56 58
56 59
56 60
56 61
56 62
56 63
56 64
56 65
56 66
56 67
56 69
56 70
56 71
56 72
56 73
56 74
56 75
56 76
56 77
56 79
56 81
56 82
56 85
56 86
56 87
56 90
56 91
56 93
56 94
56 95
56 96
56 97
56 98
56 99
57 58
57 62
57 67
57 68
57 71
57 77
57 80
57 81
57 83
57 84
57 87
57 92
58 59
58 60
58 61
58 62
58 63
58 64
58 65
58 67
58 69
58 70
58 71
58 72
58 73
58 74
58 75
58 76
58 77
58 78
58 80
58 81
58 82
58 84
58 85
58 86
58 87
58 89
58 90
58 91
58 92
58 93
58 94
58 95
58 96
58 97
58 98
58 99
59 62
59 64
59 70
59 72
59 75
59 76
59 79
59 80
59 81
59 82
59 83
59 88
59 89
59 90
59 92
59 93
59 94
59 97
60 61
60 64
60 65
60 66
60 68
60 69
60 71
60 73
60 75
60 77
60 78
60 79
60 80
60 82
60 84
60 85
60 88
60 89
60 90
60 91
60 93
60 96
60 98
61 63
61 64
61 65
61 66
61 67
61 68
61 70
61 71
61 72
61 73
61 74
61 75
61 76
61 77
61 78
61 79
61 82
61 83
61 85
61 86
61 87
61 88
61 89
61 93
61 94
61 95
61 96
61 97
61 99
62 66
62 69
62 70
62 78
62 86
62 88
62 92
62 98
63 64
63 65
63 66
63 67
63 68
63 69
63 70
63 71
63 72
63 73
63 74
63 75
63 76
63 77
63 78
63 79
63 80
63 81
63 82
63 83
63 84
63 85
63 86
63 87
63 88
63 89
63 90
63 91
63 92
63 93
63 94
63 95
63 96
63 97
63 98
63 99
64 74
64 76
64 77
64 81
64 82
64 89
64 97
65 66
65 67
65 70
65 71
65 76
65 79
65 84
65 86
65 88
65 89
65 98
65 99
66 70
66 74
66 75
66 80
66 81
66 84
66 87
66 88
66 90
66 91
66 92
66 94
66 99
67 71
67 73
67 75
67 76
67 78
67 79
67 83
67 85
67 88
67 89
67 91
67 93
67 94
67 95
67 96
67 97
67 98
68 71
68 72
68 79
68 81
68 88
68 91
68 99
69 70
69 71
69 73
69 75
69 77
69 78
69 79
69 81
69 82
69 83
69 86
69 88
69 91
69 93
69 94
69 95
69 96
69 97
69 98
69 99
70 71
70 72
70 73
70 74
70 75
70 77
70 78
70 79
70 80
70 82
70 83
70 84
70 85
70 86
70 87
70 88
70 90
70 93
70 94
70 95
70 96
70 97
70 98
70 99
71 72
71 76
71 85
71 88
71 91
71 97
71 98
72 81
72 83
72 90
73 75
73 77
73 78
73 81
73 84
73 86
73 88
73 89
73 90
73 91
73 93
73 97
73 98
73 99
74 76
74 79
74 91
74 97
75 84
75 92
76 80
76 84
76 87
76 90
76 92
76 93
76 99
77 79
77 81
77 82
77 85
77 88
77 90
77 91
77 92
77 94
77 95
77 96
77 97
77 98
77 99
78 79
78 80
78 82
78 83
78 86
78 87
78 88
78 89
78 90
78 91
78 92
78 93
78 94
78 95
78 96
78 98
78 99
79 80
79 81
79 82
79 83
79 84
79 85
79 86
79 87
79 88
79 90
79 91
79 92
79 93
79 94
79 95
79 96
79 97
79 98
79 99
80 82
80 85
80 86
80 87
80 89
80 92
80 93
80 99
81 82
81 83
81 84
81 85
81 86
81 87
81 88
81 89
81 90
81 91
81 92
81 93
81 94
81 95
81 96
81 97
81 99
82 83
82 84
82 85
82 87
82 88
82 89
82 90
82 91
82 92
82 93
82 95
82 96
82 98
83 84
83 85
83 87
83 88
83 89
83 90
83 91
83 92
83 96
83 97
83 98
83 99
84 85
84 87
84 89
84 90
84 95
84 96
84 97
85 86
85 87
85 88
85 90
85 92
85 93
85 96
85 97
85 98
86 87
86 88
86 89
86 90
86 91
86 92
86 93
86 94
86 95
86 96
86 97
86 98
86 99
87 88
87 89
87 90
87 93
87 94
87 95
87 96
87 97
87 98
88 89
88 92
88 93
88 94
88 95
88 96
88 97
88 98
89 90
89 91
89 92
89 93
89 94
89 95
89 96
89 98
90 96
91 99
92 93
92 95
92 97
92 98
92 99
93 94
93 95
93 99
94 95
94 97
94 98
94 99
95 99
96 97
96 99
97 98
97 99
98 99
