0 1
0 2
0 3
0 4
0 5
0 7
0 8
0 9
0 11
0 12
0 13
0 14
0 15
0 16
0 17
0 18
0 19
0 20
0 21
0 22
0 23
0 24
0 25
0 26
0 27
0 28
0 29
0 30
0 31
0 32
0 33
0 34
0 35
0 36
0 37
0 38
0 39
0 40
0 41
0 42
0 43
0 44
0 45
0 46
0 47
0 48
0 49
0 50
0 51
0 52
0 53
0 54
0 55
0 56
0 57
0 58
0 59
0 60
0 61
0 62
0 63
0 64
0 65
0 66
0 67
0 68
0 69
0 70
0 71
0 72
0 73
0 74
0 75
0 76
0 77
0 78
0 79
0 80
0 81
0 82
0 83
0 84
0 85
0 86
0 87
0 88
0 89
0 90
0 91
0 92
0 93
0 94
0 95
0 96
0 97
0 98
0 99
1 3
1 7
1 10
1 33
1 39
1 48
1 50
1 88
2 15
2 50
3 5
3 7
3 8
3 12
3 15
3 16
3 18
3 20
3 21
3 24
3 25
3 26
3 27
3 28
3 30
3 31
3 32
3 34
3 36
3 38
3 40
3 42
3 44
3 45
3 49
3 51
3 53
3 55
3 56
3 57
3 64
3 65
3 66
3 67
3 69
3 70
3 72
3 74
3 75
3 76
3 79
3 80
3 82
3 85
3 88
3 89
3 90
3 91
3 93
3 95
3 96
3 97
3 98
3 99
4 5
4 6
4 7
4 8
4 9
4 10
4 11
4 12
4 13
4 14
4 15
4 16
4 17
4 18
4 20
4 21
4 23
4 24
4 25
4 26
4 27
4 28
4 29
4 30
4 32
4 33
4 34
4 35
4 37
4 39
4 41
4 44
4 45
4 46
4 47
4 48
4 50
4 51
4 53
4 55
4 56
4 57
4 58
4 59
4 60
4 62
4 64
4 65
4 66
4 67
4 69
4 71
4 72
4 74
4 75
4 76
4 77
4 78
4 79
4 80
4 81
4 82
4 83
4 85
4 86
4 87
4 88
4 89
4 90
4 91
4 92
4 93
4 94
4 95
4 96
4 97
4 98
5 9
5 17
5 18
5 31
5 33
5 39
5 51
5 53
5 54
5 55
5 56
5 61
5 69
5 76
5 79
5 83
5 98
6 13
6 26
6 35
6 47
6 49
6 55
7 8
7 9
7 10
7 11
7 12
7 13
7 14
7 15
7 16
7 17
7 18
7 19
7 20
7 21
7 22
7 23
7 24
7 25
7 27
7 28
7 29
7 30
7 31
7 32
7 33
7 34
7 35
7 36
7 37
7 38
7 39
7 40
7 41
7 42
7 43
7 44
7 45
7 46
7 47
7 48
7 49
7 50
7 51
7 52
7 53
7 54
7 55
7 56
7 57
7 58
7 59
7 60
7 61
7 62
7 63
7 64
7 65
7 66
7 67
7 68
7 69
7 70
7 71
7 72
7 73
7 74
7 75
7 76
7 77
7 78
7 79
7 80
7 81
7 82
7 83
7 84
7 85
7 86
7 87
7 88
7 89
7 90
7 91
7 92
7 93
7 94
7 95
7 96
7 97
7 98
7 99
8 9
8 10
8 12
8 15
8 16
8 17
8 18
8 19
8 20
8 21
8 22
8 23
8 24
8 25
8 26
8 28
8 29
8 30
8 31
8 32
8 33
8 34
8 35
8 36
8 38
8 41
8 42
8 43
8 44
8 47
8 48
8 49
8 51
8 52
8 53
8 54
8 55
8 56
8 57
8 58
8 60
8 61
8 62
8 63
8 65
8 66
8 67
8 68
8 69
8 70
8 71
8 72
8 73
8 75
8 76
8 77
8 78
8 79
8 80
8 81
8 82
8 83
8 84
8 85
8 86
8 87
8 89
8 90
8 91
8 92
8 93
8 94
8 95
8 96
8 97
8 99
9 10
9 30
9 31
9 34
9 39
9 41
9 44
9 49
9 50
9 53
9 54
9 57
9 61
9 66
9 69
9 71
9 72
9 80
9 89
9 92
9 98
9 99
10 11
10 20
10 25
10 30
10 31
10 32
10 35
10 37
10 40
10 41
10 52
10 56
10 62
10 64
10 65
10 67
10 70
10 74
10 77
10 79
10 84
10 85
10 87
10 90
10 98
11 12
11 13
11 15
11 16
11 17
11 18
11 19
11 20
11 21
11 22
11 24
11 25
11 26
11 27
11 28
11 29
11 30
11 32
11 33
11 34
11 35
11 36
11 37
11 38
11 39
11 40
11 41
11 42
11 43
11 44
11 45
11 46
11 47
11 49
11 51
11 52
11 53
11 54
11 55
11 56
11 58
11 59
11 60
11 61
11 62
11 63
11 64
11 65
11 66
11 68
11 69
11 70
11 72
11 73
11 74
11 75
11 76
11 79
11 80
11 81
11 82
11 83
11 84
11 85
11 87
11 88
11 89
11 91
11 92
11 93
11 94
11 95
11 96
11 98
11 99
12 13
12 16
12 17
12 18
12 21
12 27
12 30
12 33
12 38
12 40
12 44
12 48
12 49
12 57
12 60
12 61
12 62
12 65
12 66
12 68
12 70
12 74
12 75
12 78
12 81
12 82
12 86
12 91
12 99
13 15
13 16
13 17
13 18
13 19
13 20
13 21
13 22
13 24
13 25
13 26
13 27
13 28
13 29
13 30
13 32
13 33
13 34
13 35
13 36
13 37
13 38
13 39
13 41
13 42
13 44
13 47
13 48
13 49
13 50
13 52
13 53
13 54
13 55
13 56
13 57
13 58
13 59
13 60
13 61
13 62
13 63
13 64
13 65
13 66
13 67
13 68
13 69
13 70
13 71
13 72
13 73
13 74
13 76
13 78
13 80
13 84
13 85
13 87
13 90
13 91
13 92
13 94
13 95
13 96
13 97
13 98
13 99
14 15
14 16
14 17
14 18
14 19
14 20
14 21
14 22
14 23
14 24
14 25
14 27
14 29
14 31
14 34
14 35
14 36
14 37
14 38
14 39
14 41
14 42
14 43
14 45
14 46
14 48
14 49
14 50
14 51
14 52
14 53
14 54
14 55
14 56
14 57
14 58
14 59
14 60
14 61
14 62
14 63
14 66
14 67
14 68
14 69
14 70
14 72
14 73
14 74
14 75
14 76
14 78
14 79
14 80
14 81
14 83
14 84
14 87
14 88
14 91
14 92
14 94
14 95
14 96
14 97
14 98
14 99
15 16
15 19
15 21
15 22
15 23
15 25
15 26
15 29
15 30
15 32
15 34
15 37
15 39
15 40
15 41
15 42
15 43
15 47
15 48
15 49
15 52
15 54
15 55
15 56
15 58
15 62
15 68
15 70
15 71
15 73
15 76
15 77
15 78
15 87
15 88
15 89
15 92
15 93
15 94
15 97
15 99
16 17
16 21
16 24
16 25
16 26
16 31
16 39
16 40
16 43
16 46
16 47
16 51
16 55
16 56
16 61
16 71
16 74
16 77
16 78
16 80
16 82
17 20
17 21
17 23
17 24
17 25
17 26
17 27
17 28
17 31
17 32
17 35
17 36
17 38
17 40
17 43
17 45
17 49
17 50
17 53
17 54
17 55
17 56
17 59
17 62
17 64
17 67
17 68
17 71
17 73
17 74
17 78
17 81
17 82
17 84
17 85
17 86
17 89
17 90
17 92
17 96
17 97
17 98
17 99
18 20
18 23
18 28
18 29
18 30
18 31
18 35
18 37
18 42
18 43
18 47
18 49
18 57
18 60
18 62
18 77
18 81
18 83
18 85
18 86
18 89
18 91
18 92
18 99
19 20
19 23
19 26
19 31
19 32
19 33
19 34
19 35
19 38
19 39
19 42
19 43
19 45
19 47
19 53
19 54
19 56
19 58
19 61
19 63
19 65
19 66
19 67
19 68
19 72
19 74
19 76
19 78
19 80
19 82
19 83
19 86
19 88
19 89
19 90
19 92
19 95
19 97
19 99
20 26
20 49
20 60
20 62
20 80
20 83
20 95
20 99
21 22
21 25
21 32
21 33
21 35
21 37
21 44
21 45
21 51
21 53
21 58
21 59
21 61
21 64
21 65
21 68
21 70
21 74
21 76
21 80
21 82
21 85
21 91
21 99
22 23
22 26
22 27
22 31
22 34
22 36
22 37
22 38
22 39
22 40
22 41
22 42
22 43
22 44
22 45
22 46
22 47
22 48
22 49
22 50
22 52
22 53
22 55
22 56
22 57
22 59
22 60
22 63
22 64
22 65
22 67
22 70
22 71
22 72
22 75
22 76
22 81
22 82
22 83
22 84
22 86
22 88
22 89
22 90
22 91
22 92
22 94
22 95
22 96
22 97
23 29
23 30
23 35
23 63
23 81
23 97
24 30
24 33
24 35
24 40
24 41
24 43
24 46
24 47
24 48
24 53
24 57
24 59
24 62
24 65
24 69
24 72
24 76
24 83
24 89
24 90
24 91
24 93
24 96
24 97
24 98
24 99
25 26
25 29
25 31
25 33
25 34
25 35
25 39
25 40
25 42
25 43
25 44
25 45
25 47
25 53
25 54
25 55
25 56
25 57
25 58
25 60
25 63
25 64
25 65
25 66
25 67
25 69
25 71
25 72
25 73
25 75
25 76
25 77
25 79
25 80
25 81
25 83
25 84
25 85
25 86
25 88
25 89
25 90
25 91
25 92
25 93
25 95
25 96
25 98
25 99
26 47
26 48
26 61
26 62
26 74
26 81
27 37
27 38
27 39
27 41
27 42
27 43
27 45
27 55
27 60
27 68
27 70
27 71
27 74
27 78
27 81
27 85
27 88
27 96
28 49
28 62
28 70
28 71
28 73
28 79
29 31
29 32
29 34
29 35
29 36
29 37
29 38
29 39
29 40
29 41
29 42
29 43
29 44
29 45
29 46
29 47
29 48
29 49
29 51
29 52
29 53
29 54
29 55
29 56
29 58
29 59
29 60
29 61
29 62
29 63
29 65
29 67
29 68
29 69
29 70
29 71
29 74
29 75
29 76
29 79
29 80
29 81
29 83
29 84
29 85
29 87
29 90
29 91
29 93
29 94
29 95
29 96
29 97
29 99
30 31
30 35
30 36
30 37
30 38
30 39
30 41
30 44
30 45
30 47
30 48
30 49
30 52
30 53
30 58
30 61
30 64
30 65
30 68
30 69
30 71
30 72
30 73
30 76
30 77
30 78
30 79
30 80
30 83
30 86
30 88
30 89
30 90
30 94
30 96
30 98
30 99
31 32
31 33
31 35
31 37
31 38
31 40
31 41
31 43
31 44
31 46
31 48
31 49
31 55
31 56
31 57
31 58
31 59
31 64
31 66
31 67
31 69
31 70
31 72
31 75
31 76
31 77
31 79
31 81
31 86
31 88
31 91
31 92
31 95
31 96
31 97
31 99
32 33
32 40
32 50
32 55
32 56
32 59
32 66
32 69
32 79
32 83
32 84
32 86
32 88
32 91
32 94
32 96
32 99
33 34
33 35
33 36
33 37
33 39
33 41
33 42
33 44
33 46
33 49
33 51
33 52
33 53
33 54
33 55
33 57
33 58
33 60
33 61
33 63
33 64
33 65
33 67
33 68
33 69
33 70
33 74
33 75
33 76
33 77
33 78
33 79
33 80
33 81
33 82
33 83
33 84
33 86
33 87
33 88
33 89
33 90
33 93
33 94
33 96
33 98
34 36
34 41
34 42
34 43
34 47
34 48
34 49
34 50
34 52
34 53
34 54
34 56
34 58
34 62
34 63
34 64
34 67
34 69
34 72
34 73
34 75
34 76
34 78
34 79
34 80
34 82
34 83
34 85
34 87
34 89
34 90
34 91
34 94
34 96
34 97
34 98
34 99
35 37
35 38
35 39
35 40
35 43
35 46
35 53
35 58
35 59
35 62
35 66
35 67
35 69
35 70
35 72
35 74
35 78
35 85
35 90
35 91
35 96
35 99
36 40
36 42
36 43
36 46
36 47
36 51
36 57
36 59
36 61
36 62
36 63
36 64
36 70
36 71
36 72
36 74
36 78
36 81
36 82
36 84
36 85
36 86
36 88
36 90
36 92
36 94
36 95
36 97
36 99
37 42
37 52
37 54
37 60
37 73
37 74
37 75
37 76
37 79
38 39
38 40
38 42
38 45
38 46
38 47
38 49
38 50
38 52
38 53
38 55
38 56
38 57
38 58
38 60
38 64
38 65
38 66
38 67
38 68
38 69
38 70
38 71
38 72
38 74
38 76
38 77
38 78
38 79
38 82
38 86
38 88
38 89
38 90
38 91
38 93
38 95
38 98
39 42
39 44
39 45
39 46
39 48
39 49
39 50
39 51
39 52
39 53
39 54
39 55
39 56
39 57
39 58
39 59
39 60
39 63
39 64
39 66
39 67
39 68
39 69
39 70
39 71
39 72
39 75
39 76
39 77
39 78
39 79
39 80
39 81
39 82
39 83
39 84
39 86
39 89
39 90
39 91
39 92
39 93
39 94
39 95
39 96
39 97
39 98
39 99
40 43
40 46
40 47
40 48
40 49
40 52
40 54
40 55
40 56
40 57
40 60
40 61
40 62
40 64
40 66
40 67
40 68
40 69
40 72
40 75
40 77
40 80
40 81
40 84
40 85
40 86
40 87
40 89
40 93
40 97
41 42
41 43
41 44
41 45
41 46
41 47
41 48
41 49
41 50
41 51
41 53
41 54
41 55
41 58
41 59
41 61
41 62
41 64
41 67
41 68
41 69
41 71
41 72
41 74
41 75
41 77
41 79
41 80
41 81
41 82
41 83
41 84
41 87
41 91
41 93
41 94
41 95
41 97
41 98
41 99
42 48
42 49
42 55
42 57
42 59
42 60
42 64
42 65
42 67
42 68
42 71
42 77
42 82
42 83
42 88
42 96
42 97
43 45
43 46
43 47
43 48
43 49
43 51
43 54
43 57
43 59
43 61
43 65
43 67
43 68
43 69
43 72
43 76
43 77
43 80
43 81
43 82
43 83
43 84
43 86
43 88
43 89
43 91
43 92
43 93
43 95
43 97
43 98
44 45
44 46
44 47
44 48
44 49
44 50
44 51
44 52
44 53
44 54
44 55
44 56
44 57
44 58
44 59
44 60
44 61
44 62
44 63
44 64
44 65
44 66
44 67
44 68
44 69
44 70
44 71
44 72
44 73
44 74
44 75
44 76
44 77
44 78
44 79
44 80
44 81
44 82
44 83
44 84
44 85
44 86
44 87
44 88
44 89
44 90
44 91
44 92
44 93
44 94
44 95
44 96
44 97
44 98
44 99
45 46
45 47
45 49
45 50
45 52
45 53
45 54
45 55
45 56
45 57
45 58
45 59
45 60
45 61
45 62
45 63
45 64
45 65
45 66
45 67
45 68
45 69
45 70
45 72
45 73
45 74
45 76
45 77
45 78
45 79
45 80
45 81
45 83
45 84
45 85
45 86
45 87
45 88
45 89
45 90
45 91
45 92
45 93
45 94
45 95
45 97
45 98
46 50
46 55
46 60
46 62
46 63
46 64
46 66
46 67
46 68
46 70
46 71
46 79
46 81
46 82
46 83
46 84
46 85
46 86
46 90
46 93
46 94
46 96
46 97
46 99
47 48
47 50
47 52
47 53
47 54
47 56
47 58
47 59
47 61
47 63
47 64
47 65
47 66
47 68
47 69
47 70
47 71
47 72
47 74
47 75
47 76
47 77
47 78
47 79
47 80
47 82
47 84
47 86
47 87
47 89
47 90
47 91
47 92
47 93
47 94
47 96
47 98
47 99
48 49
48 50
48 51
48 52
48 53
48 55
48 57
48 58
48 60
48 62
48 63
48 64
48 66
48 67
48 68
48 69
48 71
48 72
48 73
48 74
48 75
48 76
48 77
48 78
48 79
48 80
48 81
48 82
48 83
48 84
48 85
48 86
48 87
48 88
48 89
48 91
48 92
48 93
48 94
48 96
48 98
48 99
49 50
49 51
49 52
49 53
49 54
49 55
49 56
49 57
49 58
49 59
49 60
49 61
49 62
49 63
49 64
49 65
49 66
49 67
49 68
49 70
49 71
49 72
49 73
49 74
49 75
49 77
49 78
49 79
49 80
49 82
49 83
49 84
49 85
49 87
49 89
49 90
49 92
49 93
49 94
49 95
49 96
49 97
49 98
49 99
50 51
50 52
50 53
50 54
50 55
50 56
50 57
50 58
50 59
50 60
50 61
50 62
50 63
50 64
50 65
50 66
50 67
50 68
50 69
50 70
50 71
50 72
50 73
50 74
50 75
50 76
50 77
50 78
50 79
50 80
50 81
50 82
50 83
50 84
50 85
50 86
50 87
50 88
50 89
50 90
50 91
50 92
50 93
50 94
50 95
50 96
50 97
50 98
50 99
51 53
51 54
51 55
51 56
51 57
51 58
51 59
51 61
51 62
51 63
51 64
51 65
51 66
51 67
51 68
51 69
51 70
51 71
51 72
51 73
51 74
51 75
51 76
51 77
51 79
51 80
51 81
51 82
51 83
51 85
51 86
51 87
51 88
51 89
51 90
51 91
51 92
51 93
51 94
51 95
51 96
51 97
51 98
51 99
52 54
52 57
52 59
52 65
52 67
52 68
52 69
52 73
52 75
52 82
52 84
52 85
52 86
52 88
52 94
52 98
52 99
53 56
53 67
53 85
53 89
53 90
53 92
53 97
53 99
54 57
54 59
54 60
54 61
54 62
54 63
54 64
54 66
54 68
54 69
54 71
54 72
54 75
54 76
54 77
54 78
54 81
54 82
54 83
54 84
54 86
54 87
54 88
54 89
54 90
54 91
54 92
54 95
54 97
54 98
55 56
55 57
55 58
55 59
55 61
55 62
55 63
55 64
55 65
55 66
55 67
55 68
55 69
55 70
55 71
55 72
55 73
55 74
55 75
55 76
55 77
55 78
55 80
55 82
55 83
55 84
55 85
55 86
55 87
55 88
55 90
55 91
55 92
55 93
55 94
55 95
55 97
55 98
55 99
56 57
56 58
56 59
56 62
56 63
56 64
56 65
56 66
56 68
56 69
56 70
56 71
56 72
56 73
56 74
56 75
56 77
56 78
56 80
56 81
56 83
56 85
56 86
56 87
56 88
56 89
56 90
56 91
56 92
56 93
56 94
56 95
56 96
56 97
56 98
56 99
57 58
57 59
57 60
57 61
57 62
57 63
57 64
57 65
57 66
57 67
57 68
57 69
57 70
57 71
57 72
57 73
57 74
57 75
57 76
57 77
57 78
57 79
57 80
57 81
57 82
57 83
57 84
57 85
57 86
57 87
57 88
57 89
57 90
57 91
57 92
57 93
57 94
57 95
57 96
57 97
57 98
57 99
58 64
58 76
58 78
59 63
59 80
59 84
60 61
60 63
60 64
60 66
60 68
60 69
60 70
60 71
60 72
60 74
60 76
60 78
60 80
60 86
60 90
61 64
61 65
61 66
61 67
61 68
61 69
61 71
61 72
61 73
61 74
61 75
61 76
61 77
61 78
61 79
61 80
61 81
61 82
61 83
61 84
61 85
61 86
61 87
61 88
61 89
61 90
61 91
61 92
61 93
61 94
61 95
61 96
61 97
61 99
62 63
62 64
62 65
62 66
62 67
62 68
62 69
62 70
62 71
62 72
62 73
62 74
62 75
62 76
62 77
62 78
62 79
62 80
62 81
62 82
62 83
62 84
62 85
62 86
62 87
62 88
62 89
62 90
62 91
62 92
62 93
62 94
62 95
62 96
62 97
62 98
62 99
63 64
63 65
63 68
63 69
63 70
63 74
63 77
63 79
63 80
63 83
63 86
63 87
63 88
63 89
63 91
63 92
63 93
63 94
63 96
63 97
63 98
64 65
64 66
64 67
64 69
64 71
64 72
64 73
64 74
64 75
64 76
64 78
64 79
64 80
64 81
64 82
64 83
64 85
64 87
64 88
64 89
64 90
64 91
64 92
64 93
64 95
64 96
64 97
64 98
64 99
65 68
65 69
65 71
65 72
65 74
65 80
65 86
65 89
65 94
65 97
65 99
66 67
66 68
66 71
66 74
66 75
66 78
66 79
66 80
66 83
66 87
66 88
66 90
66 92
66 94
66 96
66 98
67 68
67 69
67 70
67 74
67 75
67 76
67 78
67 79
67 81
67 83
67 85
67 86
67 87
67 88
67 89
67 91
67 97
67 99
68 71
68 73
68 75
68 79
68 82
68 84
68 85
68 86
68 90
68 94
68 98
68 99
69 70
69 72
69 74
69 75
69 76
69 78
69 81
69 82
69 83
69 84
69 85
69 87
69 88
69 90
69 92
69 95
70 71
70 72
70 73
70 78
70 81
70 82
70 84
70 86
70 87
70 92
70 95
70 98
71 72
71 73
71 74
71 75
71 76
71 77
71 78
71 80
71 82
71 84
71 85
71 86
71 87
71 88
71 90
71 92
71 93
71 94
71 96
71 98
71 99
72 83
72 85
72 87
72 90
72 91
72 94
72 95
72 96
72 97
73 74
73 75
73 76
73 77
73 78
73 79
73 80
73 81
73 82
73 83
73 84
73 85
73 86
73 87
73 88
73 89
73 90
73 91
73 92
73 93
73 94
73 95
73 96
73 98
73 99
74 75
74 76
74 79
74 80
74 82
74 86
74 92
74 98
75 83
75 84
75 89
75 90
75 93
76 79
76 80
76 81
77 79
77 81
77 84
77 85
77 86
77 95
77 96
77 97
77 98
77 99
78 82
78 89
78 94
78 97
78 99
79 81
79 87
79 88
79 97
80 81
80 82
80 83
80 84
80 85
80 86
80 87
80 88
80 89
80 90
80 91
80 92
80 93
80 94
80 95
80 96
80 97
80 98
80 99
81 84
81 85
81 86
81 88
81 89
81 90
81 93
81 94
81 98
81 99
82 84
82 85
82 86
82 87
82 88
82 89
82 90
82 91
82 92
82 93
82 94
82 95
82 96
82 97
82 98
82 99
83 84
83 85
83 86
83 87
83 88
83 89
83 90
83 91
83 92
83 93
83 94
83 95
83 96
83 97
83 98
83 99
84 85
84 86
84 87
84 88
84 89
84 90
84 92
84 94
84 95
84 96
84 97
84 98
84 99
85 88
85 92
85 99
86 89
86 90
86 91
86 94
86 95
86 99
87 89
87 92
88 92
88 99
89 94
89 95
90 93
91 92
91 93
91 94
91 95
91 96
91 97
91 98
91 99
92 93
92 94
92 96
92 97
92 98
92 99
93 94
93 95
93 97
93 98
93 99
94 96
94 97
94 98
94 99
95 97
95 98
95 99
96 97
96 98
97 98
98 99
