0 1
0 2
0 5
0 6
0 7
0 8
0 9
0 10
0 11
0 12
0 13
0 14
0 15
0 16
0 18
0 19
0 20
0 21
0 22
0 23
0 24
0 25
0 28
0 29
0 30
0 31
0 34
0 35
0 36
0 37
0 40
0 41
0 42
0 44
0 45
0 46
0 48
0 49
0 50
0 51
0 52
0 54
0 55
0 57
0 59
0 60
0 61
0 63
0 64
0 65
0 67
0 68
0 69
0 70
0 71
0 72
0 73
0 76
0 78
0 79
0 81
0 83
0 84
0 85
0 87
0 88
0 89
0 90
0 92
0 93
0 94
0 96
0 97
0 98
0 99
1 2
1 3
1 4
1 5
1 6
1 7
1 8
1 9
1 10
1 12
1 13
1 14
1 15
1 17
1 19
1 20
1 21
1 22
1 23
1 24
1 25
1 26
1 27
1 28
1 29
1 30
1 31
1 32
1 33
1 34
1 35
1 36
1 37
1 38
1 39
1 40
1 41
1 42
1 43
1 44
1 45
1 46
1 47
1 48
1 49
1 50
1 51
1 52
1 53
1 54
1 55
1 56
1 57
1 58
1 59
1 60
1 61
1 62
1 63
1 64
1 65
1 66
1 67
1 68
1 69
1 70
1 71
1 72
1 73
1 74
1 75
1 76
1 77
1 78
1 79
1 80
1 81
1 82
1 83
1 84
1 85
1 86
1 87
1 88
1 89
1 90
1 91
1 93
1 94
1 95
1 96
1 97
1 98
1 99
2 3
2 4
2 5
2 6
2 7
2 8
2 9
2 10
2 11
2 12
2 13
2 14
2 15
2 16
2 17
2 18
2 19
2 20
2 21
2 22
2 23
2 24
2 25
2 26
2 27
2 28
2 29
2 30
2 31
2 32
2 33
2 34
2 35
2 36
2 37
2 38
2 39
2 40
2 41
2 42
2 43
2 44
2 45
2 46
2 47
2 48
2 49
2 50
2 51
2 53
2 54
2 55
2 56
2 57
2 58
2 59
2 60
2 61
2 62
2 63
2 64
2 65
2 66
2 67
2 68
2 69
2 70
2 71
2 72
2 73
2 74
2 75
2 76
2 77
2 78
2 79
2 80
2 81
2 82
2 83
2 84
2 85
2 86
2 87
2 88
2 89
2 90
2 91
2 92
2 93
2 94
2 95
2 96
2 97
2 98
2 99
3 4
3 6
3 7
3 8
3 9
3 10
3 12
3 16
3 19
3 24
3 27
3 28
3 33
3 34
3 35
3 36
3 38
3 44
3 45
3 46
3 49
3 50
3 51
3 64
3 66
3 67
3 70
3 71
3 72
3 75
3 76
3 77
3 80
3 82
3 86
3 88
3 91
3 93
3 94
3 95
3 98
4 6
4 8
4 9
4 10
4 11
4 12
4 13
4 16
4 17
4 18
4 19
4 20
4 21
4 24
4 25
4 26
4 27
4 28
4 30
4 31
4 32
4 33
4 34
4 35
4 36
4 38
4 39
4 40
4 41
4 42
4 43
4 44
4 45
4 46
4 49
4 50
4 51
4 52
4 53
4 54
4 55
4 56
4 57
4 58
4 60
4 61
4 62
4 63
4 64
4 65
4 67
4 68
4 69
4 70
4 71
4 73
4 74
4 76
4 77
4 78
4 79
4 80
4 81
4 82
4 85
4 86
4 87
4 88
4 89
4 91
4 92
4 95
4 96
4 97
4 98
4 99
5 6
5 7
5 8
5 9
5 15
5 17
5 18
5 20
5 25
5 29
5 36
5 37
5 41
5 42
5 44
5 53
5 57
5 58
5 60
5 62
5 63
5 64
5 65
5 71
5 77
5 78
5 79
5 86
5 89
5 90
5 93
6 7
6 8
6 9
6 12
6 13
6 14
6 15
6 16
6 17
6 18
6 19
6 21
6 23
6 24
6 25
6 26
6 27
6 28
6 29
6 30
6 31
6 32
6 33
6 34
6 36
6 37
6 38
6 39
6 40
6 41
6 42
6 43
6 44
6 45
6 47
6 48
6 49
6 50
6 51
6 52
6 53
6 54
6 55
6 56
6 58
6 59
6 60
6 61
6 62
6 63
6 64
6 65
6 66
6 67
6 68
6 69
6 70
6 71
6 72
6 73
6 74
6 75
6 76
6 77
6 78
6 79
6 80
6 81
6 82
6 84
6 85
6 87
6 88
6 89
6 90
6 91
6 92
6 93
6 94
6 96
6 98
6 99
7 10
7 11
7 30
7 32
7 33
7 57
7 66
7 71
8 10
8 11
8 16
8 17
8 18
8 21
8 22
8 23
8 24
8 25
8 29
8 33
8 36
8 38
8 39
8 42
8 44
8 47
8 49
8 53
8 54
8 58
8 59
8 62
8 63
8 65
8 66
8 67
8 69
8 71
8 72
8 73
8 74
8 76
8 77
8 78
8 80
8 81
8 83
8 84
8 85
8 88
8 89
8 93
8 96
8 98
9 11
9 12
9 13
9 19
9 20
9 23
9 24
9 26
9 27
9 29
9 30
9 31
9 32
9 35
9 37
9 38
9 39
9 41
9 44
9 46
9 48
9 49
9 52
9 53
9 54
9 55
9 59
9 61
9 63
9 65
9 66
9 67
9 68
9 69
9 71
9 72
9 75
9 76
9 77
9 78
9 85
9 86
9 87
9 88
9 91
9 92
9 93
9 97
9 98
9 99
10 13
10 15
10 20
10 23
10 27
10 28
10 31
10 34
10 35
10 36
10 38
10 39
10 42
10 45
10 46
10 47
10 54
10 55
10 56
10 57
10 60
10 61
10 63
10 64
10 66
10 68
10 69
10 70
10 71
10 72
10 76
10 77
10 78
10 79
10 83
10 84
10 89
10 92
10 94
10 98
10 99
11 13
11 15
11 16
11 17
11 19
11 20
11 21
11 22
11 24
11 30
11 31
11 32
11 33
11 34
11 35
11 38
11 40
11 41
11 43
11 44
11 48
11 49
11 53
11 56
11 57
11 64
11 67
11 68
11 69
11 70
11 71
11 73
11 74
11 76
11 77
11 81
11 82
11 84
11 85
11 86
11 87
11 89
11 94
11 99
12 13
12 14
12 15
12 16
12 17
12 18
12 19
12 20
12 21
12 22
12 23
12 24
12 25
12 26
12 27
12 28
12 29
12 30
12 31
12 32
12 33
12 34
12 35
12 36
12 37
12 38
12 39
12 40
12 41
12 42
12 43
12 44
12 45
12 46
12 47
12 48
12 49
12 50
12 51
12 52
12 53
12 54
12 55
12 56
12 57
12 58
12 59
12 60
12 61
12 62
12 63
12 64
12 65
12 66
12 67
12 68
12 69
12 70
12 71
12 72
12 73
12 74
12 75
12 76
12 77
12 78
12 79
12 80
12 81
12 82
12 83
12 84
12 85
12 86
12 87
12 88
12 89
12 90
12 91
12 92
12 93
12 94
12 95
12 96
12 97
12 98
12 99
13 14
13 21
13 27
13 28
13 30
13 31
13 39
13 42
13 46
13 48
13 50
13 53
13 61
13 64
13 66
13 67
13 71
13 73
13 76
13 77
13 80
13 87
13 89
13 90
13 91
13 96
13 97
14 17
14 22
14 23
14 28
14 35
14 42
14 44
14 62
14 63
14 66
14 75
14 87
14 94
14 96
15 16
15 20
15 23
15 24
15 25
15 29
15 32
15 33
15 35
15 36
15 37
15 38
15 40
15 41
15 43
15 44
15 45
15 46
15 47
15 49
15 51
15 52
15 55
15 57
15 58
15 59
15 60
15 61
15 62
15 63
15 65
15 66
15 67
15 68
15 69
15 70
15 74
15 79
15 80
15 81
15 82
15 83
15 84
15 87
15 88
15 89
15 92
15 93
15 94
15 95
15 97
15 98
15 99
16 17
16 18
16 19
16 20
16 21
16 22
16 23
16 24
16 25
16 26
16 27
16 28
16 30
16 31
16 32
16 33
16 34
16 36
16 37
16 38
16 39
16 40
16 41
16 42
16 43
16 44
16 45
16 46
16 47
16 48
16 49
16 51
16 52
16 53
16 54
16 55
16 56
16 57
16 58
16 59
16 60
16 61
16 62
16 63
16 64
16 65
16 66
16 67
16 68
16 69
16 71
16 72
16 73
16 75
16 76
16 77
16 78
16 79
16 80
16 81
16 83
16 85
16 86
16 87
16 88
16 89
16 90
16 91
16 92
16 93
16 94
16 95
16 96
16 97
16 98
16 99
17 18
17 31
17 33
17 39
17 41
17 42
17 43
17 44
17 46
17 47
17 48
17 49
17 57
17 58
17 66
17 70
17 73
17 76
17 78
17 94
17 98
18 20
18 21
18 22
18 23
18 24
18 25
18 27
18 28
18 29
18 30
18 31
18 32
18 33
18 34
18 35
18 37
18 38
18 39
18 40
18 41
18 42
18 43
18 44
18 45
18 47
18 48
18 49
18 50
18 51
18 52
18 53
18 55
18 56
18 57
18 58
18 59
18 60
18 61
18 62
18 63
18 66
18 67
18 68
18 69
18 70
18 71
18 72
18 73
18 74
18 75
18 76
18 77
18 78
18 79
18 80
18 81
18 82
18 83
18 84
18 85
18 86
18 87
18 88
18 89
18 90
18 91
18 92
18 93
18 94
18 95
18 96
18 97
18 98
18 99
19 22
19 24
19 26
19 27
19 28
19 30
19 35
19 36
19 37
19 38
19 39
19 40
19 44
19 45
19 46
19 47
19 49
19 52
19 53
19 54
19 57
19 66
19 67
19 68
19 69
19 71
19 74
19 75
19 76
19 77
19 78
19 80
19 82
19 84
19 85
19 86
19 87
19 89
19 92
19 93
19 94
19 95
19 96
19 99
20 23
20 24
20 27
20 28
20 34
20 35
20 36
20 40
20 42
20 46
20 50
20 54
20 56
20 57
20 58
20 59
20 61
20 62
20 68
20 69
20 70
20 71
20 72
20 79
20 80
20 81
20 82
20 83
20 85
20 86
20 90
20 92
20 93
20 96
20 98
21 23
21 26
21 28
21 29
21 30
21 31
21 32
21 35
21 36
21 37
21 44
21 48
21 55
21 65
21 69
21 70
21 71
21 72
21 73
21 74
21 82
21 84
21 85
21 88
21 96
21 99
22 37
23 24
23 25
23 26
23 27
23 28
23 29
23 30
23 31
23 32
23 33
23 34
23 35
23 36
23 37
23 38
23 39
23 40
23 41
23 42
23 43
23 44
23 45
23 46
23 47
23 48
23 49
23 51
23 52
23 53
23 54
23 55
23 56
23 58
23 59
23 60
23 61
23 62
23 63
23 64
23 65
23 66
23 67
23 68
23 69
23 70
23 71
23 72
23 73
23 74
23 75
23 76
23 77
23 78
23 79
23 80
23 81
23 82
23 83
23 84
23 85
23 86
23 87
23 88
23 89
23 90
23 91
23 92
23 93
23 94
23 95
23 96
23 97
23 98
23 99
24 31
24 64
25 28
25 29
25 33
25 34
25 36
25 38
25 39
25 41
25 50
25 52
25 58
25 59
25 61
25 63
25 64
25 65
25 67
25 68
25 71
25 77
25 81
25 85
25 87
25 88
25 89
25 92
25 93
25 94
25 99
26 27
26 28
26 29
26 31
26 33
26 36
26 39
26 41
26 44
26 45
26 47
26 49
26 50
26 52
26 54
26 55
26 56
26 57
26 58
26 59
26 60
26 61
26 62
26 65
26 66
26 67
26 68
26 69
26 70
26 71
26 72
26 73
26 75
26 76
26 77
26 78
26 79
26 80
26 81
26 82
26 83
26 85
26 86
26 90
26 93
26 95
26 96
26 97
27 45
27 66
28 31
28 32
28 35
28 37
28 38
28 39
28 42
28 45
28 47
28 50
28 51
28 54
28 55
28 56
28 57
28 60
28 61
28 64
28 65
28 66
28 69
28 71
28 72
28 73
28 74
28 75
28 76
28 78
28 79
28 80
28 81
28 82
28 83
28 84
28 85
28 87
28 89
28 90
28 92
28 94
28 95
28 96
28 97
28 98
28 99
29 40
29 42
29 54
29 55
29 58
29 65
29 67
29 69
29 75
29 79
29 96
30 31
30 32
30 33
30 34
30 35
30 36
30 37
30 38
30 39
30 40
30 41
30 42
30 43
30 44
30 45
30 46
30 47
30 48
30 49
30 50
30 51
30 52
30 53
30 56
30 57
30 58
30 60
30 61
30 62
30 63
30 65
30 66
30 67
30 68
30 69
30 71
30 72
30 73
30 74
30 75
30 76
30 77
30 78
30 79
30 80
30 81
30 82
30 83
30 84
30 85
30 87
30 90
30 91
30 92
30 93
30 94
30 95
30 96
30 97
30 98
30 99
31 32
31 33
31 34
31 40
31 46
31 47
31 50
31 53
31 54
31 56
31 57
31 61
31 67
31 68
31 69
31 72
31 76
31 84
31 85
31 94
31 96
32 33
32 34
32 35
32 36
32 37
32 38
32 39
32 40
32 42
32 43
32 46
32 47
32 48
32 49
32 50
32 51
32 52
32 53
32 55
32 56
32 57
32 58
32 59
32 60
32 61
32 62
32 63
32 64
32 65
32 66
32 67
32 68
32 69
32 70
32 71
32 72
32 73
32 74
32 75
32 77
32 78
32 79
32 81
32 82
32 83
32 84
32 86
32 87
32 88
32 89
32 90
32 91
32 92
32 93
32 94
32 95
32 96
32 97
32 98
32 99
33 34
33 35
33 36
33 37
33 39
33 42
33 43
33 44
33 45
33 46
33 47
33 50
33 51
33 52
33 53
33 54
33 55
33 57
33 58
33 59
33 60
33 62
33 64
33 65
33 66
33 69
33 71
33 72
33 74
33 76
33 77
33 78
33 81
33 82
33 83
33 84
33 85
33 86
33 87
33 88
33 89
33 90
33 91
33 92
33 94
33 95
33 96
33 97
33 98
33 99
34 35
34 39
34 40
34 42
34 46
34 52
34 58
34 59
34 60
34 62
34 63
34 65
34 66
34 67
34 68
34 69
34 70
34 71
34 74
34 75
34 76
34 77
34 79
34 80
34 83
34 87
34 88
34 89
34 90
34 92
34 94
34 95
34 98
35 38
35 52
35 56
35 57
35 58
35 64
35 66
35 72
36 37
36 38
36 39
36 40
36 41
36 42
36 43
36 44
36 45
36 46
36 47
36 48
36 49
36 50
36 51
36 52
36 53
36 54
36 55
36 56
36 57
36 58
36 59
36 60
36 61
36 62
36 63
36 64
36 65
36 66
36 67
36 68
36 69
36 70
36 71
36 72
36 73
36 74
36 75
36 76
36 77
36 78
36 79
36 80
36 81
36 82
36 83
36 84
36 85
36 86
36 87
36 88
36 89
36 90
36 91
36 92
36 93
36 94
36 95
36 96
36 97
36 98
36 99
37 38
37 39
37 40
37 41
37 42
37 43
37 44
37 45
37 46
37 47
37 48
37 49
37 50
37 51
37 53
37 54
37 55
37 56
37 57
37 58
37 59
37 60
37 61
37 62
37 63
37 64
37 65
37 66
37 67
37 68
37 69
37 70
37 71
37 72
37 73
37 74
37 75
37 76
37 77
37 78
37 79
37 80
37 81
37 82
37 83
37 84
37 85
37 86
37 87
37 88
37 89
37 90
37 91
37 92
37 93
37 95
37 96
37 97
37 98
37 99
38 39
38 44
38 46
38 47
38 49
38 55
38 58
38 59
38 64
38 65
38 67
38 68
38 70
38 71
38 73
38 76
38 77
38 79
38 81
38 88
38 89
38 90
38 91
38 94
38 97
38 98
38 99
39 52
39 53
39 63
39 72
39 89
40 44
41 44
41 50
41 51
41 53
41 54
41 55
41 56
41 57
41 59
41 60
41 62
41 65
41 66
41 67
41 70
41 74
41 75
41 76
41 77
41 78
41 80
41 82
41 83
41 84
41 85
41 86
41 87
41 91
41 92
41 93
41 97
41 99
42 43
42 44
42 45
42 46
42 47
42 48
42 49
42 50
42 51
42 52
42 53
42 54
42 55
42 56
42 57
42 58
42 59
42 60
42 61
42 62
42 63
42 64
42 66
42 67
42 68
42 69
42 70
42 71
42 72
42 73
42 74
42 75
42 76
42 77
42 78
42 79
42 80
42 81
42 82
42 83
42 84
42 85
42 86
42 87
42 88
42 89
42 90
42 91
42 92
42 93
42 94
42 95
42 96
42 97
42 98
42 99
43 50
43 83
43 91
43 93
43 95
44 47
44 50
44 52
44 53
44 56
44 59
44 71
44 72
44 75
44 93
44 97
45 46
45 47
45 48
45 49
45 50
45 52
45 53
45 54
45 56
45 58
45 64
45 65
45 67
45 68
45 69
45 72
45 73
45 74
45 75
45 76
45 79
45 81
45 83
45 85
45 86
45 90
45 92
45 97
46 47
46 49
46 53
46 59
46 64
46 65
46 70
46 76
46 79
46 86
46 87
46 89
46 92
47 48
47 50
47 52
47 54
47 55
47 58
47 60
47 61
47 62
47 64
47 65
47 66
47 67
47 68
47 69
47 70
47 71
47 73
47 77
47 78
47 80
47 81
47 83
47 84
47 85
47 86
47 88
47 89
47 90
47 91
47 92
47 93
47 95
47 96
47 97
47 98
48 51
48 54
48 55
48 56
48 74
48 88
48 95
49 52
49 53
49 56
49 59
49 61
49 77
49 79
49 83
49 85
49 86
49 98
50 71
50 81
50 83
51 59
51 81
51 94
52 53
52 64
52 69
52 76
52 78
52 88
52 90
52 94
52 96
53 58
53 72
53 77
53 84
53 89
53 90
54 57
54 58
54 60
54 61
54 64
54 65
54 68
54 69
54 72
54 74
54 75
54 76
54 77
54 79
54 82
54 85
54 88
54 91
54 94
54 95
54 99
55 56
55 57
55 59
55 60
55 61
55 62
55 63
55 64
55 65
55 66
55 67
55 68
55 69
55 70
55 71
55 73
55 74
55 75
55 76
55 77
55 78
55 79
55 80
55 81
55 82
55 83
55 84
55 85
55 86
55 87
55 88
55 89
55 90
55 91
55 92
55 93
55 94
55 95
55 97
55 98
55 99
56 57
56 61
56 62
56 66
56 67
56 72
56 73
56 74
56 80
56 82
56 83
56 87
56 88
56 89
56 90
56 91
56 94
56 95
56 96
57 58
57 59
57 61
57 62
57 63
57 64
57 65
57 67
57 68
57 70
57 71
57 72
57 73
57 74
57 75
57 77
57 78
57 79
57 80
57 82
57 84
57 85
57 86
57 88
57 89
57 93
57 94
57 95
57 98
57 99
58 59
58 60
58 61
58 64
58 65
58 66
58 67
58 68
58 69
58 70
58 71
58 72
58 73
58 75
58 77
58 78
58 79
58 80
58 81
58 82
58 83
58 84
58 85
58 86
58 89
58 90
58 91
58 93
58 94
58 95
58 96
58 97
58 98
58 99
59 60
59 74
59 75
59 76
59 81
60 61
60 62
60 63
60 64
60 65
60 66
60 67
60 68
60 69
60 70
60 71
60 72
60 73
60 74
60 75
60 76
60 77
60 78
60 79
60 80
60 81
60 82
60 83
60 84
60 85
60 87
60 88
60 89
60 91
60 92
60 94
60 95
60 96
60 98
60 99
61 62
61 63
61 64
61 65
61 66
61 67
61 68
61 69
61 70
61 71
61 72
61 73
61 74
61 75
61 76
61 77
61 78
61 80
61 81
61 82
61 83
61 84
61 85
61 86
61 87
61 88
61 89
61 90
61 91
61 92
61 93
61 95
61 96
61 98
61 99
62 63
62 73
62 79
63 64
63 65
63 66
63 67
63 68
63 69
63 70
63 71
63 72
63 73
63 74
63 75
63 77
63 78
63 79
63 80
63 81
63 82
63 83
63 84
63 87
63 89
63 91
63 92
63 95
63 97
63 98
64 67
64 76
64 89
65 66
65 68
65 69
65 70
65 73
65 75
65 76
65 77
65 78
65 79
65 81
65 82
65 83
65 84
65 86
65 87
65 89
65 90
65 91
65 92
65 94
65 95
65 96
65 97
66 70
66 72
66 74
66 75
66 76
66 77
66 78
66 79
66 80
66 82
66 83
66 85
66 86
66 87
66 88
66 89
66 90
66 91
66 92
66 93
66 94
66 95
66 96
66 99
67 70
67 81
67 88
68 70
68 71
68 72
68 73
68 74
68 77
68 78
68 79
68 84
68 86
68 87
68 89
68 91
68 92
68 93
68 95
68 96
68 97
68 98
68 99
69 91
70 75
70 83
70 90
71 73
71 74
71 76
71 80
71 81
71 82
71 83
71 85
71 86
71 88
71 89
71 90
71 91
71 93
71 94
71 95
72 74
72 77
72 78
72 79
72 81
72 82
72 84
72 86
72 87
72 88
72 89
72 90
72 91
72 93
72 98
73 96
73 97
73 98
74 84
74 94
75 77
75 78
75 79
75 81
75 83
75 85
75 86
75 87
75 88
75 90
75 91
75 92
75 94
75 95
75 96
75 97
75 98
75 99
76 78
76 79
76 80
76 83
76 84
76 85
76 86
76 87
76 88
76 90
76 91
76 92
76 95
76 97
76 98
76 99
77 81
77 85
77 91
77 93
77 94
77 95
77 96
77 97
77 99
78 79
78 80
78 81
78 82
78 83
78 84
78 85
78 86
78 87
78 88
78 89
78 90
78 91
78 92
78 93
78 94
78 95
78 96
78 97
78 98
78 99
79 80
79 84
79 89
79 90
79 95
79 97
79 98
79 99
80 81
80 82
80 83
80 85
80 86
80 87
80 88
80 89
80 90
80 91
80 92
80 93
80 94
80 95
80 96
80 97
80 98
80 99
81 83
81 86
81 89
81 90
81 93
81 97
82 88
82 95
83 85
83 87
83 97
83 99
84 86
84 87
84 88
84 90
84 91
84 94
84 95
84 96
84 97
84 98
85 86
85 87
85 88
85 89
85 90
85 93
85 94
85 95
85 96
85 98
85 99
86 89
86 91
86 92
87 88
87 89
87 90
87 91
87 92
87 93
87 94
87 95
87 96
87 97
87 98
87 99
88 89
88 90
88 91
88 92
88 93
88 94
88 95
88 97
88 98
88 99
89 91
89 92
89 93
89 94
89 95
89 96
89 97
89 99
90 92
90 96
90 99
91 92
91 93
91 94
91 95
91 96
91 97
91 99
92 94
93 94
94 95
94 97
94 98
94 99
95 96
95 97
95 98
96 97
96 98
96 99
97 98
97 99
98 99
