0 3
0 4
0 6
0 7
0 9
0 13
0 15
0 18
0 23
0 28
0 30
0 31
0 32
0 33
0 34
0 35
0 37
0 39
0 40
0 46
0 50
0 52
0 53
0 57
0 60
0 62
0 66
0 67
0 70
0 73
0 74
0 82
0 83
0 87
0 88
0 93
0 99
1 2
1 3
1 5
1 6
1 7
1 8
1 9
1 15
1 24
1 25
1 26
1 29
1 32
1 35
1 36
1 37
1 38
1 40
1 42
1 43
1 44
1 46
1 49
1 53
1 54
1 55
1 56
1 57
1 58
1 61
1 63
1 66
1 67
1 70
1 71
1 72
1 73
1 74
1 76
1 77
1 78
1 81
1 82
1 83
1 84
1 85
1 86
1 87
1 88
1 89
1 90
1 95
1 96
2 10
2 11
2 16
2 20
2 21
2 22
2 24
2 31
2 32
2 34
2 35
2 36
2 39
2 40
2 46
2 48
2 52
2 55
2 58
2 63
2 66
2 67
2 71
2 72
2 81
2 93
2 95
3 5
3 7
3 8
3 9
3 11
3 12
3 14
3 15
3 18
3 19
3 21
3 22
3 24
3 25
3 28
3 29
3 30
3 31
3 32
3 35
3 43
3 44
3 46
3 47
3 49
3 53
3 54
3 55
3 57
3 58
3 59
3 62
3 64
3 71
3 77
3 79
3 81
3 84
3 85
3 88
3 89
3 91
3 92
3 93
3 94
3 95
3 97
3 98
4 6
4 9
4 11
4 13
4 14
4 17
4 19
4 20
4 22
4 26
4 28
4 31
4 32
4 33
4 34
4 35
4 38
4 40
4 42
4 44
4 45
4 46
4 48
4 49
4 52
4 53
4 54
4 61
4 63
4 64
4 66
4 67
4 71
4 74
4 75
4 78
4 79
4 80
4 81
4 84
4 86
4 87
4 88
4 89
4 90
4 92
4 93
4 96
4 97
4 98
4 99
5 14
5 37
5 92
6 8
6 14
6 19
6 23
6 26
6 28
6 32
6 33
6 40
6 43
6 45
6 49
6 50
6 51
6 55
6 57
6 60
6 61
6 65
6 66
6 68
6 69
6 74
6 75
6 77
6 79
6 80
6 81
6 82
6 83
6 85
6 86
6 90
6 91
6 92
6 93
6 96
6 97
6 99
7 27
7 66
8 9
8 10
8 11
8 12
8 13
8 16
8 17
8 18
8 19
8 20
8 21
8 22
8 23
8 24
8 25
8 26
8 27
8 28
8 29
8 30
8 31
8 32
8 33
8 35
8 36
8 37
8 38
8 39
8 41
8 42
8 43
8 44
8 45
8 46
8 47
8 48
8 49
8 51
8 52
8 53
8 54
8 55
8 56
8 58
8 59
8 60
8 61
8 62
8 63
8 65
8 67
8 68
8 69
8 70
8 71
8 72
8 73
8 74
8 75
8 76
8 77
8 78
8 80
8 81
8 82
8 83
8 84
8 85
8 86
8 87
8 88
8 89
8 90
8 91
8 92
8 93
8 94
8 95
8 96
8 97
8 98
8 99
9 13
9 14
9 15
9 20
9 21
9 26
9 32
9 37
9 39
9 43
9 45
9 49
9 52
9 59
9 66
9 72
9 75
9 78
9 82
9 84
9 91
10 11
10 13
10 15
10 18
10 22
10 23
10 26
10 29
10 30
10 31
10 33
10 35
10 36
10 37
10 38
10 42
10 43
10 44
10 45
10 48
10 49
10 53
10 59
10 60
10 66
10 68
10 71
10 72
10 73
10 76
10 77
10 80
10 82
10 83
10 85
10 86
10 88
10 89
10 90
10 94
10 95
10 96
10 97
10 98
11 15
11 17
11 24
11 34
11 35
11 41
11 43
11 45
11 46
11 47
11 48
11 49
11 50
11 53
11 54
11 55
11 56
11 59
11 62
11 64
11 65
11 67
11 70
11 73
11 77
11 80
11 83
11 85
11 86
11 95
11 98
12 13
12 18
12 19
12 22
12 24
12 25
12 27
12 28
12 31
12 35
12 37
12 38
12 39
12 40
12 41
12 43
12 44
12 47
12 51
12 52
12 53
12 54
12 56
12 59
12 61
12 62
12 64
12 66
12 69
12 73
12 76
12 78
12 80
12 83
12 86
12 87
12 88
12 89
12 90
12 91
12 92
12 93
12 94
12 95
12 96
12 97
12 99
13 15
13 17
13 19
13 21
13 24
13 29
13 30
13 31
13 36
13 39
13 40
13 48
13 50
13 53
13 55
13 58
13 74
13 75
13 78
13 81
13 83
13 84
13 85
13 86
13 90
13 94
13 96
13 97
14 15
14 17
14 18
14 21
14 22
14 24
14 26
14 28
14 29
14 30
14 33
14 34
14 35
14 37
14 43
14 46
14 49
14 52
14 54
14 57
14 60
14 61
14 62
14 63
14 64
14 70
14 71
14 73
14 77
14 78
14 83
14 84
14 85
14 87
14 92
14 93
14 95
14 96
14 98
15 63
16 17
16 18
16 19
16 20
16 21
16 22
16 23
16 24
16 25
16 26
16 27
16 28
16 29
16 30
16 31
16 32
16 33
16 34
16 35
16 36
16 37
16 38
16 39
16 40
16 41
16 42
16 43
16 44
16 45
16 46
16 47
16 48
16 49
16 50
16 51
16 52
16 53
16 54
16 55
16 56
16 57
16 58
16 59
16 60
16 61
16 62
16 63
16 64
16 65
16 66
16 67
16 68
16 69
16 70
16 71
16 72
16 74
16 75
16 76
16 77
16 78
16 79
16 80
16 81
16 82
16 83
16 84
16 85
16 86
16 87
16 88
16 89
16 90
16 91
16 92
16 93
16 94
16 95
16 96
16 97
16 98
16 99
17 19
17 20
17 21
17 22
17 25
17 26
17 27
17 28
17 29
17 30
17 31
17 33
17 34
17 35
17 36
17 37
17 38
17 39
17 40
17 41
17 43
17 44
17 45
17 46
17 47
17 48
17 49
17 51
17 52
17 53
17 55
17 56
17 57
17 58
17 59
17 60
17 62
17 63
17 64
17 65
17 66
17 67
17 68
17 70
17 71
17 73
17 74
17 76
17 77
17 78
17 79
17 80
17 81
17 84
17 85
17 87
17 90
17 91
17 92
17 93
17 96
17 98
18 19
18 20
18 21
18 22
18 23
18 24
18 25
18 26
18 27
18 28
18 29
18 30
18 31
18 32
18 33
18 35
18 36
18 37
18 38
18 39
18 40
18 41
18 42
18 43
18 44
18 45
18 46
18 47
18 48
18 49
18 50
18 52
18 53
18 54
18 55
18 56
18 57
18 58
18 59
18 60
18 61
18 62
18 63
18 64
18 66
18 68
18 69
18 70
18 71
18 72
18 73
18 74
18 75
18 76
18 77
18 78
18 80
18 81
18 82
18 83
18 84
18 85
18 87
18 88
18 89
18 90
18 91
18 92
18 93
18 94
18 95
18 96
18 97
18 98
18 99
19 22
19 23
19 29
19 30
19 32
19 33
19 34
19 36
19 41
19 43
19 44
19 46
19 52
19 55
19 56
19 59
19 61
19 64
19 75
19 90
19 91
19 97
20 23
20 25
20 27
20 30
20 32
20 33
20 34
20 35
20 38
20 43
20 44
20 46
20 47
20 50
20 57
20 59
20 68
20 71
20 75
20 76
20 79
20 82
20 83
20 86
20 87
20 89
20 91
20 92
20 96
20 97
20 98
20 99
21 22
21 24
21 25
21 26
21 28
21 29
21 30
21 31
21 32
21 33
21 34
21 35
21 36
21 37
21 38
21 39
21 40
21 41
21 42
21 43
21 44
21 45
21 46
21 48
21 50
21 53
21 54
21 55
21 56
21 57
21 58
21 59
21 60
21 61
21 62
21 63
21 64
21 65
21 66
21 67
21 68
21 69
21 70
21 71
21 72
21 73
21 74
21 75
21 76
21 78
21 79
21 82
21 83
21 85
21 86
21 87
21 88
21 89
21 90
21 91
21 92
21 93
21 95
21 96
21 97
21 98
21 99
22 27
22 29
22 33
22 46
22 48
22 54
22 57
22 60
22 67
22 69
22 73
22 76
22 80
22 81
22 89
22 90
22 98
22 99
23 24
23 25
23 26
23 27
23 29
23 30
23 33
23 35
23 40
23 41
23 42
23 43
23 44
23 45
23 47
23 49
23 50
23 51
23 52
23 53
23 54
23 57
23 58
23 62
23 65
23 66
23 71
23 72
23 73
23 74
23 75
23 78
23 80
23 82
23 83
23 84
23 86
23 87
23 88
23 89
23 93
23 94
23 97
24 27
24 28
24 29
24 31
24 35
24 36
24 40
24 41
24 43
24 45
24 46
24 51
24 53
24 54
24 55
24 60
24 62
24 63
24 64
24 66
24 67
24 68
24 69
24 70
24 74
24 78
24 79
24 81
24 83
24 84
24 85
24 87
24 88
24 89
24 94
24 95
24 96
24 97
24 98
24 99
25 26
25 28
25 29
25 30
25 32
25 33
25 34
25 35
25 36
25 37
25 38
25 39
25 40
25 41
25 43
25 45
25 46
25 47
25 48
25 49
25 52
25 54
25 56
25 60
25 61
25 62
25 63
25 65
25 66
25 67
25 68
25 69
25 70
25 71
25 74
25 79
25 80
25 81
25 83
25 84
25 85
25 86
25 87
25 89
25 90
25 94
25 96
25 97
25 98
25 99
26 27
26 28
26 31
26 33
26 34
26 35
26 37
26 38
26 42
26 43
26 45
26 46
26 47
26 52
26 54
26 55
26 56
26 58
26 60
26 61
26 65
26 66
26 67
26 72
26 74
26 75
26 76
26 77
26 79
26 80
26 83
26 86
26 87
26 88
26 92
26 94
26 95
26 96
26 97
26 98
27 28
27 30
27 32
27 33
27 34
27 35
27 38
27 44
27 45
27 51
27 52
27 54
27 58
27 65
27 67
27 69
27 72
27 81
27 86
27 88
27 90
27 91
27 93
27 96
27 98
28 29
28 31
28 36
28 39
28 42
28 44
28 50
28 51
28 57
28 58
28 59
28 64
28 65
28 74
28 75
28 78
28 81
28 84
28 88
28 95
28 96
28 98
29 31
29 33
29 46
29 49
29 51
29 52
29 56
29 61
29 65
29 66
29 68
29 69
29 73
29 75
29 76
29 82
29 83
29 87
29 88
29 91
29 92
29 93
29 95
30 32
30 33
30 36
30 40
30 44
30 47
30 55
30 56
30 57
30 58
30 60
30 65
30 69
30 71
30 72
30 74
30 79
30 80
30 82
30 88
30 89
30 90
30 91
30 93
30 95
30 97
30 99
31 32
31 33
31 34
31 35
31 36
31 37
31 38
31 39
31 40
31 41
31 43
31 44
31 45
31 46
31 47
31 48
31 49
31 50
31 51
31 52
31 53
31 54
31 55
31 56
31 57
31 58
31 59
31 60
31 61
31 62
31 63
31 64
31 65
31 66
31 67
31 68
31 69
31 70
31 71
31 73
31 74
31 75
31 76
31 77
31 78
31 79
31 80
31 81
31 82
31 83
31 84
31 85
31 86
31 87
31 88
31 89
31 90
31 91
31 92
31 93
31 94
31 95
31 96
31 97
31 99
32 33
32 34
32 36
32 37
32 38
32 39
32 40
32 41
32 42
32 43
32 45
32 46
32 51
32 52
32 53
32 54
32 60
32 61
32 62
32 65
32 66
32 67
32 71
32 74
32 77
32 78
32 80
32 84
32 86
32 88
32 89
32 90
32 95
32 97
32 99
33 34
33 35
33 36
33 38
33 41
33 43
33 44
33 45
33 46
33 47
33 48
33 49
33 50
33 51
33 52
33 53
33 55
33 56
33 57
33 61
33 63
33 67
33 70
33 71
33 73
33 77
33 78
33 79
33 82
33 83
33 85
33 86
33 87
33 88
33 89
33 92
33 93
33 94
33 95
33 96
33 97
33 99
34 43
34 78
35 38
35 40
35 44
35 46
35 48
35 54
35 57
35 60
35 63
35 64
35 70
35 75
35 76
35 77
35 78
35 79
35 81
35 82
35 85
35 86
35 96
36 38
36 39
36 40
36 42
36 46
36 48
36 49
36 50
36 54
36 55
36 59
36 60
36 65
36 66
36 74
36 77
36 78
36 79
36 84
36 86
36 88
36 89
36 95
36 98
37 38
37 39
37 40
37 41
37 42
37 43
37 44
37 45
37 46
37 48
37 49
37 50
37 51
37 53
37 55
37 56
37 58
37 59
37 60
37 61
37 62
37 64
37 65
37 66
37 67
37 68
37 69
37 70
37 71
37 72
37 73
37 75
37 76
37 77
37 78
37 79
37 80
37 82
37 84
37 85
37 87
37 88
37 89
37 90
37 92
37 95
37 96
37 98
37 99
38 39
38 40
38 42
38 43
38 44
38 45
38 46
38 47
38 49
38 50
38 51
38 52
38 53
38 54
38 55
38 56
38 57
38 58
38 59
38 60
38 61
38 62
38 63
38 64
38 67
38 68
38 69
38 70
38 71
38 72
38 73
38 74
38 76
38 78
38 80
38 81
38 82
38 83
38 84
38 85
38 87
38 88
38 89
38 90
38 91
38 92
38 93
38 95
38 96
38 97
38 98
38 99
39 40
39 41
39 47
39 53
39 55
39 56
39 59
39 60
39 62
39 66
39 68
39 70
39 74
39 76
39 79
39 80
39 81
39 85
39 86
39 87
39 88
39 89
39 90
39 91
39 94
39 96
39 97
39 99
40 41
40 42
40 43
40 44
40 45
40 46
40 47
40 48
40 50
40 51
40 52
40 53
40 54
40 55
40 60
40 61
40 62
40 63
40 66
40 67
40 69
40 72
40 73
40 74
40 75
40 76
40 78
40 79
40 81
40 82
40 83
40 84
40 85
40 86
40 87
40 88
40 90
40 91
40 92
40 93
40 94
41 42
41 44
41 52
41 56
41 57
41 61
41 62
41 74
41 76
41 77
41 78
41 79
41 89
41 94
41 97
42 43
42 44
42 45
42 48
42 49
42 50
42 52
42 54
42 55
42 56
42 58
42 62
42 64
42 66
42 67
42 68
42 71
42 74
42 75
42 76
42 78
42 79
42 81
42 82
42 85
42 87
42 94
42 99
43 44
43 45
43 46
43 48
43 49
43 50
43 53
43 54
43 56
43 57
43 58
43 59
43 61
43 63
43 64
43 65
43 66
43 67
43 68
43 69
43 70
43 71
43 73
43 74
43 75
43 76
43 77
43 78
43 79
43 80
43 83
43 84
43 85
43 87
43 88
43 89
43 90
43 91
43 92
43 94
43 97
43 98
43 99
44 46
44 48
44 49
44 56
44 58
44 59
44 61
44 63
44 67
44 68
44 69
44 71
44 72
44 74
44 80
44 81
44 82
44 85
44 86
44 87
44 90
44 92
44 95
44 98
45 46
45 50
45 51
45 52
45 53
45 54
45 56
45 58
45 59
45 61
45 62
45 64
45 66
45 68
45 69
45 70
45 71
45 73
45 74
45 76
45 77
45 78
45 79
45 80
45 81
45 84
45 85
45 86
45 89
45 90
45 93
45 94
45 97
45 99
46 48
46 49
46 50
46 51
46 52
46 53
46 55
46 56
46 57
46 58
46 59
46 61
46 63
46 65
46 66
46 67
46 69
46 71
46 72
46 73
46 74
46 75
46 78
46 79
46 81
46 83
46 84
46 85
46 87
46 89
46 91
46 92
46 93
46 94
46 95
46 97
46 98
46 99
47 52
47 55
47 60
47 69
47 71
47 78
47 83
47 88
47 99
48 49
48 51
48 52
48 53
48 54
48 56
48 60
48 62
48 65
48 72
48 77
48 78
48 79
48 80
48 81
48 83
48 84
48 87
48 88
48 94
48 95
48 96
49 54
49 57
49 58
49 59
49 60
49 61
49 63
49 65
49 68
49 69
49 71
49 73
49 77
49 80
49 82
49 83
49 84
49 86
49 89
49 92
49 96
49 99
50 73
51 52
51 55
51 57
51 58
51 61
51 62
51 63
51 64
51 65
51 66
51 67
51 68
51 69
51 71
51 73
51 75
51 77
51 92
51 93
51 96
52 57
52 61
52 67
52 82
52 99
53 54
53 55
53 57
53 59
53 60
53 62
53 65
53 66
53 67
53 69
53 73
53 75
53 77
53 83
53 85
53 86
53 87
53 88
53 89
53 92
53 93
53 95
53 98
53 99
54 55
54 56
54 57
54 59
54 60
54 61
54 62
54 66
54 67
54 68
54 69
54 70
54 71
54 72
54 73
54 78
54 79
54 80
54 83
54 85
54 86
54 87
54 90
54 93
54 94
54 95
54 98
54 99
55 56
55 57
55 58
55 59
55 60
55 62
55 63
55 64
55 65
55 67
55 69
55 71
55 72
55 73
55 74
55 75
55 76
55 78
55 79
55 80
55 81
55 82
55 84
55 85
55 87
55 88
55 89
55 91
55 92
55 93
55 94
55 97
55 98
55 99
56 57
56 66
56 67
56 69
56 70
56 71
56 72
56 73
56 74
56 75
56 78
56 79
56 82
56 83
56 87
56 90
56 91
56 92
56 95
56 96
56 97
57 58
57 65
57 74
57 82
57 88
57 89
57 91
58 67
58 68
58 70
58 74
58 78
58 80
58 83
58 90
58 93
58 94
58 98
59 62
59 66
59 68
59 69
59 71
59 75
59 78
59 80
59 86
59 89
59 90
59 92
59 94
59 95
59 97
59 98
60 61
60 62
60 63
60 65
60 66
60 67
60 69
60 70
60 71
60 72
60 74
60 75
60 77
60 79
60 80
60 81
60 83
60 84
60 85
60 86
60 87
60 88
60 90
60 91
60 92
60 93
60 94
60 95
60 97
60 98
61 66
61 71
61 74
61 75
61 79
61 80
61 87
61 88
61 90
61 91
61 92
61 96
61 97
61 99
62 63
62 69
62 71
62 72
62 73
62 75
62 76
62 77
62 83
62 84
62 85
62 86
62 87
62 88
62 89
62 91
62 92
62 93
62 95
62 96
63 64
63 65
63 66
63 67
63 68
63 70
63 71
63 72
63 73
63 75
63 77
63 78
63 79
63 80
63 83
63 86
63 88
63 90
63 91
63 92
63 93
63 94
63 95
63 97
64 68
64 86
65 73
65 77
65 89
65 91
65 93
66 68
66 70
66 72
66 76
66 78
66 85
66 98
66 99
67 68
67 69
67 71
67 73
67 74
67 75
67 76
67 77
67 81
67 82
67 83
67 84
67 85
67 88
67 90
67 91
67 92
67 93
67 94
67 95
67 96
67 97
67 98
67 99
68 71
68 74
68 76
68 78
68 79
68 84
68 86
69 85
70 72
70 73
70 74
70 76
70 78
70 79
70 85
70 86
70 88
70 89
70 90
70 91
70 93
70 98
70 99
71 73
71 74
71 75
71 76
71 77
71 78
71 79
71 80
71 81
71 84
71 86
71 87
71 88
71 89
71 90
71 91
71 92
71 93
71 94
71 95
71 96
71 97
71 98
71 99
72 73
72 75
72 76
72 77
72 78
72 80
72 81
72 82
72 84
72 85
72 86
72 87
72 88
72 89
72 91
72 93
72 94
72 95
72 96
72 98
73 78
73 79
73 80
73 84
73 85
73 87
73 89
73 90
73 91
73 93
73 94
73 95
73 99
74 79
74 81
74 83
74 85
74 86
74 90
74 92
74 93
74 98
74 99
75 76
75 79
75 83
75 88
75 92
75 93
76 77
76 78
76 79
76 80
76 81
76 82
76 83
76 84
76 85
76 86
76 87
76 88
76 89
76 90
76 91
76 92
76 93
76 94
76 95
76 96
76 97
76 98
76 99
77 78
77 79
77 80
77 81
77 82
77 84
77 85
77 87
77 88
77 89
77 90
77 91
77 92
77 94
77 95
77 96
77 97
77 98
77 99
78 86
78 88
78 89
78 92
78 95
79 86
79 87
79 89
79 90
79 98
79 99
80 93
80 98
81 93
81 98
82 88
82 90
83 85
83 86
83 87
83 88
83 90
83 93
83 94
83 96
83 97
83 98
83 99
84 85
84 91
84 99
85 87
85 88
85 90
85 91
85 92
85 93
85 95
85 96
85 97
85 98
85 99
86 87
86 90
86 93
86 96
87 88
87 89
87 90
87 92
87 93
87 96
87 97
88 89
88 90
88 91
88 94
88 95
88 96
88 98
88 99
89 90
89 91
89 92
89 93
89 94
89 96
89 97
89 98
89 99
90 91
90 96
90 97
90 99
91 92
91 93
91 94
91 95
91 96
91 97
91 98
91 99
92 93
92 94
92 95
92 96
92 97
92 98
92 99
93 96
93 99
94 96
94 98
95 97
95 98
96 97
96 99
97 99
98 99
