0 2
0 4
0 5
0 8
0 10
0 11
0 12
0 13
0 14
0 15
0 18
0 19
0 20
0 21
0 22
0 25
0 26
0 31
0 33
0 36
0 37
0 41
0 42
0 43
0 45
0 47
0 48
0 49
0 50
0 51
0 52
0 53
0 55
0 56
0 57
0 58
0 64
0 65
0 67
0 70
0 71
0 76
0 77
0 79
0 81
0 89
0 91
0 92
0 93
0 94
0 95
0 99
1 2
1 3
1 5
1 6
1 7
1 8
1 9
1 10
1 11
1 13
1 14
1 15
1 16
1 17
1 18
1 19
1 20
1 21
1 22
1 23
1 24
1 25
1 26
1 27
1 28
1 29
1 30
1 31
1 34
1 35
1 37
1 38
1 39
1 40
1 41
1 42
1 43
1 44
1 45
1 46
1 47
1 48
1 49
1 50
1 51
1 52
1 53
1 55
1 56
1 58
1 59
1 60
1 61
1 62
1 63
1 64
1 65
1 66
1 67
1 69
1 70
1 71
1 72
1 73
1 74
1 75
1 76
1 77
1 78
1 79
1 80
1 82
1 83
1 84
1 86
1 87
1 89
1 90
1 91
1 92
1 94
1 95
1 96
1 97
1 98
1 99
2 34
3 4
3 5
3 6
3 8
3 9
3 10
3 14
3 17
3 21
3 22
3 23
3 25
3 26
3 27
3 28
3 30
3 34
3 35
3 40
3 41
3 43
3 45
3 47
3 51
3 52
3 53
3 54
3 55
3 56
3 58
3 60
3 61
3 64
3 65
3 67
3 69
3 71
3 72
3 74
3 75
3 76
3 77
3 78
3 79
3 80
3 81
3 83
3 84
3 85
3 86
3 89
3 90
3 91
3 92
3 93
4 7
4 13
4 19
4 20
4 21
4 22
4 30
4 33
4 37
4 43
4 45
4 51
4 53
4 61
4 64
4 72
4 74
4 85
4 90
4 97
4 99
5 6
5 9
5 11
5 12
5 13
5 14
5 16
5 21
5 25
5 26
5 30
5 31
5 32
5 33
5 36
5 37
5 39
5 40
5 42
5 43
5 44
5 45
5 51
5 52
5 56
5 64
5 65
5 66
5 68
5 70
5 71
5 73
5 74
5 78
5 79
5 81
5 82
5 89
5 90
5 91
5 92
5 93
5 94
5 95
5 96
5 98
5 99
6 7
6 9
6 13
6 31
6 34
6 42
6 49
6 56
6 58
6 71
6 73
6 74
6 75
6 79
6 80
6 92
6 94
7 10
7 13
7 23
7 31
7 36
7 38
7 44
7 46
7 47
7 51
7 54
7 58
7 59
7 68
7 71
7 74
7 75
7 77
7 86
7 87
7 96
7 98
8 10
8 11
8 15
8 16
8 17
8 19
8 20
8 24
8 25
8 27
8 30
8 32
8 34
8 35
8 37
8 38
8 40
8 42
8 43
8 44
8 50
8 51
8 58
8 59
8 61
8 65
8 66
8 68
8 69
8 71
8 72
8 74
8 77
8 81
8 82
8 83
8 87
8 90
8 91
8 96
8 98
9 12
9 15
9 17
9 19
9 22
9 23
9 24
9 25
9 26
9 27
9 29
9 30
9 31
9 32
9 33
9 35
9 36
9 38
9 39
9 41
9 49
9 52
9 54
9 55
9 57
9 58
9 61
9 63
9 66
9 73
9 74
9 75
9 76
9 77
9 78
9 79
9 88
9 91
9 96
9 97
9 98
9 99
10 13
10 14
10 15
10 16
10 17
10 21
10 23
10 24
10 25
10 26
10 27
10 28
10 29
10 30
10 31
10 33
10 34
10 35
10 36
10 37
10 38
10 39
10 41
10 42
10 43
10 44
10 47
10 48
10 49
10 52
10 53
10 56
10 59
10 60
10 61
10 63
10 71
10 72
10 76
10 78
10 79
10 80
10 83
10 85
10 86
10 88
10 90
10 92
10 93
10 94
10 96
10 97
11 26
11 29
11 31
11 33
11 39
11 40
11 41
11 46
11 50
11 55
11 56
11 60
11 68
11 69
11 72
11 73
11 77
11 78
11 80
11 84
11 97
11 98
11 99
12 15
12 17
12 19
12 21
12 24
12 26
12 28
12 38
12 43
12 56
12 57
12 61
12 69
12 70
12 71
12 72
12 73
12 75
12 76
12 81
12 84
12 90
12 92
12 93
12 94
12 96
13 15
13 16
13 18
13 20
13 21
13 24
13 26
13 27
13 28
13 31
13 32
13 33
13 34
13 36
13 38
13 39
13 42
13 43
13 44
13 45
13 46
13 47
13 48
13 49
13 51
13 52
13 53
13 54
13 59
13 62
13 65
13 66
13 67
13 68
13 69
13 70
13 72
13 76
13 77
13 78
13 79
13 80
13 83
13 84
13 85
13 86
13 89
13 90
13 91
13 92
13 93
13 95
13 96
13 98
14 15
14 16
14 17
14 19
14 20
14 21
14 22
14 23
14 24
14 25
14 26
14 27
14 28
14 29
14 30
14 31
14 32
14 34
14 36
14 37
14 38
14 39
14 40
14 41
14 42
14 43
14 44
14 45
14 46
14 47
14 48
14 49
14 50
14 51
14 52
14 53
14 54
14 55
14 56
14 57
14 58
14 59
14 60
14 61
14 62
14 63
14 65
14 66
14 67
14 68
14 69
14 70
14 71
14 72
14 73
14 74
14 75
14 76
14 77
14 79
14 80
14 81
14 82
14 84
14 85
14 86
14 87
14 88
14 89
14 90
14 91
14 93
14 94
14 95
14 96
14 97
14 98
14 99
15 16
15 18
15 19
15 20
15 22
15 23
15 24
15 25
15 26
15 27
15 29
15 30
15 31
15 32
15 33
15 34
15 35
15 36
15 37
15 38
15 39
15 40
15 44
15 45
15 47
15 48
15 50
15 51
15 52
15 53
15 54
15 55
15 56
15 58
15 59
15 60
15 61
15 63
15 64
15 65
15 66
15 67
15 68
15 70
15 72
15 73
15 74
15 76
15 77
15 78
15 79
15 82
15 83
15 84
15 85
15 88
15 89
15 90
15 91
15 92
15 93
15 94
15 96
15 97
15 99
16 17
16 20
16 22
16 24
16 25
16 26
16 27
16 28
16 29
16 30
16 31
16 32
16 34
16 35
16 36
16 37
16 38
16 40
16 41
16 42
16 43
16 44
16 45
16 46
16 47
16 48
16 49
16 51
16 53
16 56
16 58
16 59
16 61
16 62
16 63
16 64
16 65
16 66
16 67
16 68
16 69
16 71
16 73
16 74
16 75
16 77
16 79
16 80
16 81
16 82
16 83
16 84
16 85
16 86
16 87
16 90
16 93
16 96
16 97
16 98
17 18
17 22
17 23
17 26
17 27
17 28
17 29
17 30
17 31
17 34
17 35
17 36
17 37
17 38
17 39
17 40
17 41
17 43
17 46
17 47
17 48
17 49
17 50
17 53
17 54
17 55
17 57
17 58
17 59
17 60
17 61
17 63
17 64
17 65
17 66
17 67
17 68
17 69
17 70
17 71
17 72
17 73
17 74
17 75
17 76
17 79
17 80
17 82
17 83
17 86
17 87
17 88
17 89
17 90
17 91
17 92
17 93
17 96
17 97
17 98
17 99
18 21
18 23
18 29
18 30
18 31
18 33
18 39
18 40
18 42
18 44
18 46
18 47
18 48
18 49
18 51
18 52
18 53
18 55
18 56
18 57
18 58
18 59
18 62
18 63
18 65
18 67
18 68
18 69
18 71
18 74
18 77
18 79
18 80
18 82
18 83
18 86
18 90
18 92
18 99
19 23
19 30
19 34
19 35
19 36
19 43
19 45
19 48
19 53
19 54
19 57
19 68
19 71
19 74
19 76
19 80
19 89
19 92
19 98
19 99
20 23
20 27
20 34
20 37
20 38
20 43
20 44
20 50
20 53
20 57
20 62
20 65
20 66
20 68
20 71
20 82
20 84
20 86
20 92
20 95
20 96
21 23
21 24
21 25
21 27
21 28
21 29
21 31
21 33
21 34
21 35
21 38
21 39
21 40
21 41
21 42
21 44
21 45
21 47
21 49
21 51
21 52
21 53
21 54
21 55
21 57
21 58
21 59
21 62
21 63
21 64
21 65
21 66
21 69
21 70
21 71
21 72
21 73
21 74
21 75
21 77
21 79
21 80
21 81
21 84
21 85
21 86
21 87
21 88
21 89
21 90
21 91
21 94
21 96
21 97
21 98
22 23
22 26
22 29
22 31
22 34
22 35
22 36
22 39
22 44
22 46
22 47
22 48
22 49
22 54
22 58
22 65
22 69
22 73
22 76
22 78
22 79
22 82
22 86
22 88
22 89
22 90
22 91
22 95
22 97
22 98
22 99
23 25
23 50
23 51
23 54
23 55
23 60
23 63
23 74
23 75
23 78
23 80
23 94
24 25
24 26
24 27
24 28
24 29
24 30
24 31
24 32
24 33
24 34
24 35
24 36
24 37
24 38
24 39
24 40
24 41
24 42
24 43
24 45
24 46
24 47
24 48
24 49
24 51
24 52
24 53
24 54
24 55
24 56
24 57
24 58
24 60
24 61
24 62
24 63
24 64
24 65
24 66
24 67
24 68
24 69
24 70
24 72
24 73
24 74
24 75
24 76
24 77
24 78
24 79
24 80
24 81
24 82
24 83
24 84
24 85
24 86
24 89
24 90
24 91
24 92
24 93
24 94
24 95
24 96
24 97
25 29
25 48
25 60
25 68
25 77
25 81
25 92
26 28
26 29
26 31
26 32
26 36
26 41
26 53
26 54
26 57
26 61
26 62
26 65
26 66
26 68
26 71
26 73
26 74
26 75
26 76
26 77
26 81
26 82
26 83
26 86
26 87
26 89
26 93
26 97
26 98
26 99
27 28
27 29
27 30
27 32
27 37
27 38
27 40
27 41
27 45
27 46
27 48
27 49
27 52
27 59
27 60
27 70
27 72
27 77
27 78
27 80
27 81
27 83
27 87
27 88
27 90
27 97
27 98
27 99
28 29
28 30
28 31
28 32
28 33
28 34
28 35
28 36
28 37
28 38
28 39
28 40
28 41
28 42
28 43
28 45
28 47
28 48
28 49
28 50
28 51
28 53
28 54
28 55
28 56
28 58
28 59
28 60
28 61
28 62
28 65
28 66
28 67
28 68
28 69
28 70
28 72
28 73
28 74
28 75
28 76
28 77
28 78
28 79
28 80
28 81
28 82
28 83
28 84
28 85
28 87
28 88
28 89
28 90
28 92
28 93
28 94
28 95
28 97
28 98
28 99
29 32
29 33
29 34
29 35
29 38
29 39
29 40
29 41
29 42
29 43
29 44
29 45
29 46
29 47
29 48
29 49
29 52
29 53
29 54
29 55
29 56
29 59
29 60
29 61
29 62
29 64
29 65
29 68
29 69
29 70
29 72
29 73
29 74
29 75
29 76
29 78
29 80
29 81
29 82
29 83
29 84
29 85
29 86
29 87
29 89
29 91
29 92
29 93
29 94
29 95
29 96
29 97
29 98
30 31
30 33
30 34
30 35
30 36
30 37
30 38
30 39
30 40
30 41
30 42
30 43
30 44
30 46
30 47
30 48
30 49
30 50
30 51
30 52
30 53
30 54
30 55
30 56
30 57
30 58
30 59
30 60
30 61
30 62
30 63
30 64
30 65
30 66
30 67
30 68
30 69
30 70
30 71
30 72
30 74
30 75
30 77
30 78
30 80
30 81
30 82
30 83
30 84
30 85
30 86
30 87
30 89
30 90
30 91
30 92
30 93
30 94
30 95
30 96
30 97
30 98
30 99
31 32
31 33
31 34
31 35
31 37
31 38
31 39
31 40
31 41
31 42
31 43
31 44
31 45
31 46
31 47
31 48
31 50
31 51
31 52
31 53
31 54
31 55
31 56
31 57
31 58
31 59
31 60
31 61
31 62
31 63
31 64
31 65
31 66
31 67
31 68
31 69
31 70
31 71
31 72
31 73
31 74
31 75
31 76
31 77
31 78
31 79
31 80
31 81
31 82
31 83
31 84
31 85
31 86
31 87
31 88
31 89
31 90
31 91
31 92
31 94
31 95
31 96
31 97
31 98
31 99
32 35
32 56
32 69
32 70
32 89
32 91
32 94
32 99
33 44
33 54
33 64
33 66
33 72
33 76
33 78
33 79
33 83
33 86
33 94
33 95
33 98
34 39
34 40
34 41
34 47
34 48
34 49
34 50
34 52
34 53
34 54
34 55
34 58
34 60
34 62
34 64
34 65
34 66
34 67
34 71
34 72
34 73
34 74
34 75
34 78
34 79
34 83
34 86
34 88
34 89
34 90
34 91
34 94
34 96
34 98
34 99
35 36
35 38
35 46
35 50
35 55
35 60
35 64
35 71
35 74
35 75
35 77
35 89
35 91
35 96
35 97
36 41
36 45
36 47
36 52
36 56
36 63
36 64
36 68
36 72
36 74
36 78
36 79
36 82
36 90
36 92
36 96
37 38
37 39
37 41
37 42
37 43
37 44
37 46
37 47
37 48
37 51
37 54
37 55
37 56
37 58
37 59
37 61
37 62
37 63
37 67
37 69
37 70
37 72
37 74
37 78
37 81
37 89
37 90
37 94
37 95
37 96
37 98
37 99
38 39
38 42
38 44
38 46
38 48
38 49
38 50
38 51
38 53
38 55
38 57
38 60
38 61
38 63
38 65
38 67
38 69
38 73
38 79
38 82
38 83
38 88
38 93
38 94
38 96
39 41
39 42
39 43
39 45
39 48
39 52
39 54
39 56
39 59
39 61
39 62
39 63
39 71
39 74
39 76
39 77
39 78
39 79
39 80
39 85
39 86
39 91
39 94
39 96
40 41
40 43
40 45
40 48
40 49
40 50
40 56
40 62
40 67
40 69
40 70
40 71
40 73
40 76
40 78
40 86
40 87
40 91
40 94
40 99
41 42
41 43
41 44
41 45
41 46
41 47
41 51
41 53
41 54
41 55
41 56
41 57
41 58
41 59
41 60
41 61
41 62
41 67
41 69
41 70
41 71
41 72
41 73
41 74
41 75
41 77
41 78
41 79
41 82
41 83
41 84
41 85
41 86
41 87
41 88
41 89
41 90
41 91
41 92
41 94
41 95
41 96
41 97
41 99
42 50
42 55
42 63
42 64
42 67
42 72
42 74
42 78
42 82
42 85
42 86
42 87
42 88
42 93
42 96
42 99
43 44
43 45
43 46
43 47
43 48
43 50
43 51
43 52
43 53
43 54
43 56
43 57
43 58
43 60
43 62
43 63
43 64
43 66
43 67
43 68
43 72
43 73
43 74
43 75
43 76
43 77
43 78
43 79
43 81
43 82
43 83
43 84
43 86
43 88
43 90
43 91
43 92
43 93
43 94
43 95
43 96
43 97
43 98
43 99
44 50
44 66
44 74
44 78
44 86
44 95
45 53
45 55
45 56
45 58
45 62
45 64
45 65
45 67
45 68
45 70
45 72
45 73
45 75
45 77
45 79
45 82
45 84
45 85
45 89
45 90
45 91
45 92
45 95
45 96
45 97
45 98
45 99
46 55
46 65
47 62
47 70
47 71
47 79
47 85
47 87
47 97
48 89
48 96
48 97
49 50
49 52
49 53
49 54
49 55
49 56
49 57
49 58
49 59
49 60
49 61
49 63
49 64
49 65
49 67
49 69
49 70
49 73
49 74
49 75
49 76
49 78
49 79
49 80
49 81
49 82
49 83
49 84
49 85
49 86
49 88
49 89
49 90
49 91
49 92
49 94
49 95
49 96
49 97
49 98
49 99
50 53
50 54
50 56
50 64
50 66
50 68
50 70
50 71
50 75
50 77
50 78
50 79
50 80
50 81
50 83
50 84
50 85
50 87
50 90
50 91
50 93
50 95
50 99
51 59
51 70
51 71
51 78
51 85
51 87
51 90
51 92
52 68
52 70
52 75
52 83
52 85
52 96
53 56
53 59
53 61
53 63
53 64
53 68
53 69
53 70
53 71
53 72
53 73
53 74
53 75
53 76
53 79
53 80
53 81
53 83
53 84
53 86
53 88
53 89
53 90
53 92
53 93
53 95
53 97
53 98
53 99
54 55
54 56
54 57
54 58
54 59
54 60
54 61
54 63
54 65
54 66
54 67
54 68
54 69
54 71
54 72
54 73
54 78
54 79
54 81
54 82
54 83
54 85
54 86
54 87
54 88
54 89
54 90
54 91
54 92
54 93
54 94
54 97
54 98
54 99
55 57
55 64
55 67
55 72
55 84
55 86
55 87
55 94
55 95
55 97
56 57
56 58
56 59
56 60
56 61
56 62
56 63
56 64
56 70
56 73
56 74
56 75
56 76
56 77
56 80
56 81
56 82
56 83
56 84
56 85
56 86
56 87
56 88
56 93
56 94
56 95
56 97
56 98
56 99
57 61
57 65
57 66
57 68
57 72
57 73
57 77
57 79
57 80
57 82
57 88
57 89
57 91
57 96
57 97
57 99
58 60
58 61
58 63
58 64
58 65
58 66
58 67
58 68
58 69
58 70
58 71
58 72
58 73
58 74
58 75
58 76
58 77
58 78
58 79
58 80
58 83
58 84
58 85
58 86
58 87
58 88
58 91
58 92
58 94
58 95
58 96
58 97
58 98
58 99
59 63
59 64
59 65
59 66
59 68
59 69
59 70
59 71
59 74
59 79
59 81
59 82
59 86
59 90
59 92
59 93
59 95
59 98
60 61
60 62
60 63
60 64
60 67
60 68
60 69
60 70
60 71
60 73
60 74
60 76
60 79
60 86
60 87
60 88
60 89
60 90
60 91
60 92
60 93
60 94
60 96
60 98
61 62
61 63
61 65
61 66
61 67
61 69
61 70
61 71
61 72
61 73
61 74
61 75
61 76
61 77
61 78
61 79
61 80
61 81
61 83
61 84
61 85
61 86
61 87
61 88
61 89
61 90
61 91
61 93
61 94
61 95
61 99
62 67
62 73
62 76
62 79
62 80
62 82
62 83
62 90
62 93
62 96
63 64
63 65
63 66
63 67
63 68
63 69
63 71
63 72
63 73
63 74
63 75
63 76
63 77
63 78
63 79
63 80
63 83
63 84
63 85
63 86
63 87
63 88
63 90
63 91
63 92
63 93
63 94
63 96
63 97
63 98
63 99
64 67
64 68
64 69
64 70
64 72
64 73
64 74
64 75
64 76
64 78
64 80
64 82
64 83
64 84
64 85
64 87
64 88
64 89
64 90
64 92
64 93
64 94
64 95
64 96
64 97
64 98
64 99
65 66
65 68
65 69
65 70
65 71
65 72
65 73
65 74
65 76
65 77
65 78
65 79
65 80
65 81
65 83
65 84
65 85
65 86
65 87
65 88
65 91
65 92
65 94
65 95
65 96
65 97
65 98
65 99
66 68
66 70
66 73
66 74
66 75
66 76
66 78
66 81
66 82
66 84
66 86
66 87
66 90
66 91
66 93
66 95
66 99
67 68
67 69
67 70
67 71
67 72
67 74
67 75
67 77
67 78
67 79
67 81
67 83
67 84
67 85
67 86
67 87
67 88
67 92
67 94
67 96
67 97
68 69
68 70
68 71
68 73
68 74
68 75
68 76
68 78
68 79
68 80
68 81
68 84
68 85
68 86
68 87
68 88
68 89
68 90
68 91
68 92
68 93
68 94
68 95
68 96
68 97
68 99
69 70
69 73
69 74
69 78
69 79
69 83
69 85
69 86
69 88
70 74
70 75
70 76
70 77
70 78
70 80
70 81
70 83
70 84
70 85
70 87
70 88
70 89
70 91
70 92
70 93
70 94
70 97
70 99
71 72
71 73
71 74
71 75
71 76
71 77
71 78
71 79
71 80
71 81
71 82
71 83
71 84
71 85
71 86
71 87
71 88
71 89
71 93
71 98
71 99
72 79
72 82
72 84
72 85
72 90
72 91
72 94
73 75
73 76
73 78
73 79
73 80
73 81
73 82
73 83
73 88
73 94
73 95
73 96
73 98
73 99
74 77
74 78
74 79
74 81
74 82
74 84
74 86
74 87
74 88
74 90
74 92
74 93
74 95
75 76
75 77
75 78
75 79
75 80
75 81
75 83
75 84
75 85
75 86
75 87
75 88
75 89
75 90
75 91
75 92
75 93
75 96
75 97
75 98
75 99
76 77
76 78
76 79
76 80
76 81
76 82
76 85
76 90
76 93
76 94
76 96
77 79
77 86
77 87
77 90
77 98
78 87
78 95
79 81
79 82
79 83
79 84
79 85
79 86
79 88
79 89
79 90
79 91
79 92
79 93
79 94
79 95
79 96
79 97
79 98
79 99
80 82
80 83
80 84
80 85
80 86
80 87
80 88
80 89
80 91
80 92
80 93
80 94
80 95
80 96
80 97
80 98
80 99
81 85
81 88
81 89
81 91
81 99
82 83
82 89
82 90
82 91
82 92
82 93
82 95
82 96
82 97
82 98
82 99
83 84
83 85
83 86
83 87
83 88
83 89
83 90
83 91
83 92
83 93
83 94
83 95
83 96
83 97
83 98
83 99
84 87
84 88
84 92
84 94
84 98
84 99
85 87
85 88
85 98
86 88
86 90
86 91
86 92
86 93
86 94
86 95
86 96
86 98
86 99
87 88
87 94
87 96
87 98
88 94
88 97
89 90
89 92
89 93
89 94
89 98
89 99
90 92
90 96
90 97
91 92
91 93
91 94
92 94
92 95
92 96
92 97
92 98
92 99
93 94
93 95
93 98
93 99
94 95
94 96
94 98
95 96
95 97
95 98
95 99
96 97
97 98
97 99
98 99
