0 2
0 4
0 5
0 6
0 7
0 8
0 9
0 11
0 12
0 13
0 16
0 20
0 21
0 23
0 24
0 28
0 31
0 33
0 34
0 35
0 38
0 39
0 40
0 43
0 47
0 48
0 49
0 53
0 54
0 55
0 56
0 58
0 59
0 63
0 64
0 67
0 69
0 70
0 71
0 73
0 74
0 76
0 77
0 78
0 80
0 81
0 82
0 86
0 87
0 88
0 89
0 90
0 91
0 92
0 95
0 96
0 97
1 2
1 4
1 5
1 7
1 8
1 9
1 10
1 12
1 13
1 14
1 15
1 16
1 18
1 19
1 21
1 22
1 23
1 26
1 28
1 29
1 33
1 36
1 38
1 40
1 41
1 43
1 45
1 46
1 47
1 48
1 49
1 52
1 53
1 54
1 55
1 59
1 60
1 61
1 62
1 64
1 65
1 67
1 68
1 70
1 73
1 74
1 78
1 79
1 81
1 82
1 83
1 84
1 85
1 86
1 87
1 88
1 89
1 90
1 94
1 95
1 96
1 97
1 98
1 99
2 3
2 4
2 5
2 6
2 7
2 9
2 10
2 12
2 13
2 14
2 15
2 16
2 18
2 19
2 20
2 22
2 23
2 24
2 25
2 26
2 27
2 28
2 29
2 30
2 31
2 32
2 33
2 34
2 35
2 36
2 37
2 38
2 39
2 40
2 41
2 42
2 44
2 46
2 48
2 49
2 50
2 51
2 52
2 53
2 55
2 56
2 57
2 58
2 59
2 60
2 62
2 63
2 64
2 65
2 66
2 67
2 68
2 69
2 70
2 71
2 72
2 73
2 74
2 76
2 77
2 78
2 79
2 80
2 81
2 82
2 83
2 84
2 85
2 87
2 89
2 90
2 91
2 93
2 94
2 95
2 96
2 97
2 98
2 99
3 8
3 14
3 18
3 34
3 35
3 37
3 51
3 56
3 63
3 71
3 72
3 75
3 79
3 87
3 92
4 6
4 7
4 8
4 9
4 10
4 11
4 12
4 13
4 14
4 15
4 16
4 17
4 18
4 19
4 20
4 21
4 22
4 23
4 24
4 25
4 26
4 27
4 28
4 29
4 30
4 31
4 32
4 33
4 34
4 35
4 36
4 37
4 38
4 39
4 40
4 41
4 42
4 43
4 44
4 45
4 46
4 47
4 48
4 49
4 50
4 51
4 52
4 53
4 54
4 55
4 56
4 57
4 58
4 59
4 60
4 61
4 62
4 63
4 64
4 65
4 66
4 67
4 68
4 69
4 70
4 71
4 72
4 73
4 74
4 75
4 76
4 77
4 78
4 79
4 80
4 81
4 82
4 83
4 84
4 85
4 87
4 88
4 89
4 90
4 91
4 92
4 93
4 94
4 95
4 96
4 97
4 98
4 99
5 7
5 15
5 28
5 56
5 81
5 86
5 97
6 7
6 9
6 11
6 12
6 13
6 15
6 16
6 17
6 18
6 19
6 20
6 21
6 22
6 23
6 24
6 25
6 26
6 29
6 30
6 31
6 32
6 33
6 34
6 35
6 39
6 40
6 41
6 42
6 44
6 45
6 46
6 47
6 50
6 51
6 52
6 53
6 54
6 55
6 56
6 57
6 58
6 59
6 60
6 61
6 62
6 63
6 64
6 66
6 67
6 69
6 71
6 72
6 73
6 74
6 75
6 76
6 77
6 81
6 82
6 84
6 86
6 87
6 88
6 89
6 90
6 91
6 92
6 93
6 94
6 96
7 8
7 12
7 14
7 15
7 16
7 18
7 19
7 21
7 22
7 23
7 25
7 27
7 28
7 32
7 33
7 34
7 35
7 36
7 38
7 42
7 43
7 45
7 46
7 48
7 50
7 51
7 53
7 54
7 55
7 56
7 57
7 59
7 60
7 61
7 68
7 69
7 70
7 71
7 73
7 74
7 79
7 80
7 81
7 82
7 83
7 84
7 85
7 89
7 92
7 94
7 95
7 97
7 98
7 99
8 9
8 10
8 11
8 12
8 13
8 14
8 15
8 16
8 17
8 18
8 19
8 20
8 21
8 22
8 23
8 25
8 26
8 27
8 28
8 30
8 31
8 32
8 33
8 34
8 35
8 36
8 37
8 38
8 39
8 40
8 41
8 42
8 43
8 44
8 45
8 46
8 47
8 48
8 49
8 50
8 51
8 53
8 54
8 55
8 56
8 57
8 58
8 59
8 60
8 61
8 62
8 63
8 64
8 65
8 67
8 68
8 69
8 70
8 71
8 72
8 73
8 74
8 75
8 76
8 77
8 78
8 79
8 80
8 81
8 82
8 83
8 84
8 85
8 86
8 87
8 88
8 89
8 90
8 91
8 92
8 93
8 94
8 95
8 96
8 97
8 98
8 99
9 10
9 11
9 12
9 13
9 14
9 15
9 16
9 17
9 18
9 19
9 20
9 21
9 22
9 23
9 25
9 26
9 27
9 28
9 29
9 30
9 31
9 32
9 33
9 34
9 35
9 36
9 37
9 38
9 39
9 40
9 41
9 42
9 43
9 44
9 45
9 46
9 47
9 48
9 49
9 50
9 51
9 52
9 53
9 54
9 55
9 56
9 57
9 59
9 60
9 61
9 62
9 63
9 64
9 65
9 66
9 67
9 68
9 69
9 70
9 71
9 72
9 73
9 74
9 75
9 76
9 77
9 78
9 79
9 80
9 81
9 82
9 83
9 84
9 85
9 86
9 87
9 88
9 89
9 90
9 92
9 93
9 94
9 95
9 96
9 97
9 98
9 99
10 12
10 13
10 15
10 16
10 19
10 20
10 24
10 25
10 27
10 31
10 33
10 34
10 39
10 42
10 43
10 46
10 49
10 50
10 54
10 55
10 57
10 60
10 65
10 66
10 67
10 68
10 69
10 70
10 73
10 77
10 78
10 80
10 81
10 85
10 86
10 88
10 90
10 92
10 94
10 95
10 98
11 13
11 14
11 15
11 16
11 17
11 18
11 19
11 20
11 21
11 22
11 23
11 24
11 25
11 26
11 28
11 29
11 30
11 31
11 32
11 35
11 36
11 37
11 38
11 39
11 41
11 42
11 43
11 44
11 45
11 46
11 47
11 48
11 49
11 50
11 52
11 53
11 55
11 56
11 57
11 58
11 59
11 60
11 61
11 62
11 63
11 64
11 65
11 66
11 67
11 68
11 69
11 70
11 71
11 72
11 74
11 75
11 76
11 77
11 78
11 79
11 80
11 81
11 82
11 83
11 84
11 86
11 87
11 88
11 89
11 90
11 91
11 92
11 93
11 94
11 95
11 96
11 97
11 98
11 99
12 15
12 16
12 18
12 19
12 25
12 27
12 30
12 31
12 34
12 39
12 40
12 43
12 44
12 46
12 48
12 50
12 51
12 53
12 55
12 57
12 59
12 61
12 62
12 64
12 65
12 66
12 67
12 69
12 71
12 73
12 74
12 80
12 81
12 82
12 85
12 87
12 91
12 94
12 97
12 98
12 99
13 14
13 15
13 16
13 18
13 19
13 20
13 21
13 22
13 23
13 24
13 25
13 26
13 28
13 29
13 30
13 31
13 32
13 33
13 34
13 36
13 37
13 38
13 39
13 41
13 42
13 43
13 44
13 45
13 46
13 47
13 48
13 49
13 50
13 51
13 52
13 53
13 54
13 55
13 56
13 57
13 58
13 59
13 60
13 61
13 62
13 63
13 64
13 67
13 68
13 69
13 70
13 71
13 72
13 73
13 74
13 75
13 76
13 78
13 79
13 81
13 84
13 85
13 86
13 87
13 88
13 89
13 90
13 92
13 93
13 95
13 96
13 97
13 98
13 99
14 16
14 17
14 18
14 19
14 20
14 21
14 23
14 24
14 25
14 26
14 27
14 28
14 29
14 30
14 31
14 32
14 33
14 34
14 35
14 36
14 37
14 38
14 39
14 40
14 41
14 42
14 43
14 44
14 45
14 46
14 47
14 48
14 49
14 50
14 51
14 52
14 53
14 54
14 55
14 56
14 57
14 58
14 59
14 60
14 61
14 62
14 63
14 64
14 65
14 66
14 67
14 68
14 69
14 70
14 71
14 72
14 73
14 74
14 75
14 76
14 77
14 78
14 79
14 80
14 81
14 82
14 83
14 84
14 85
14 86
14 87
14 88
14 89
14 90
14 91
14 92
14 93
14 94
14 95
14 96
14 97
14 98
14 99
15 16
15 17
15 19
15 20
15 23
15 24
15 25
15 26
15 30
15 31
15 32
15 33
15 34
15 35
15 36
15 38
15 39
15 40
15 41
15 42
15 43
15 44
15 46
15 48
15 49
15 51
15 54
15 56
15 57
15 59
15 61
15 63
15 65
15 67
15 68
15 71
15 75
15 76
15 77
15 78
15 79
15 80
15 81
15 83
15 84
15 85
15 89
15 90
15 91
15 92
15 93
15 94
15 95
15 96
15 97
15 98
15 99
16 17
16 18
16 20
16 23
16 24
16 25
16 26
16 30
16 31
16 34
16 35
16 37
16 38
16 40
16 41
16 42
16 43
16 44
16 45
16 46
16 48
16 51
16 52
16 54
16 55
16 56
16 57
16 59
16 61
16 63
16 69
16 71
16 74
16 75
16 77
16 79
16 80
16 81
16 83
16 88
16 89
16 90
16 93
16 95
16 97
16 98
17 21
17 22
17 24
17 27
17 30
17 32
17 38
17 42
17 47
17 50
17 54
17 57
17 65
17 68
17 77
17 83
17 86
17 91
17 92
17 98
18 19
18 20
18 22
18 23
18 24
18 26
18 27
18 28
18 29
18 30
18 31
18 32
18 33
18 34
18 35
18 37
18 38
18 39
18 40
18 41
18 42
18 43
18 44
18 45
18 46
18 47
18 48
18 49
18 50
18 51
18 52
18 53
18 54
18 55
18 56
18 57
18 58
18 59
18 60
18 61
18 62
18 63
18 64
18 65
18 66
18 67
18 69
18 70
18 71
18 72
18 73
18 74
18 75
18 77
18 78
18 79
18 81
18 82
18 83
18 84
18 86
18 87
18 88
18 89
18 90
18 91
18 92
18 93
18 94
18 95
18 96
18 97
18 98
18 99
19 20
19 22
19 24
19 25
19 30
19 31
19 32
19 35
19 39
19 41
19 42
19 43
19 50
19 52
19 55
19 58
19 59
19 62
19 64
19 65
19 67
19 69
19 70
19 71
19 72
19 74
19 78
19 80
19 82
19 84
19 85
19 87
19 88
19 90
19 93
19 96
20 23
20 29
20 31
20 33
20 34
20 38
20 43
20 52
20 58
20 60
20 64
20 65
20 66
20 67
20 68
20 73
20 75
20 77
20 80
20 88
20 95
20 96
21 23
21 25
21 27
21 28
21 32
21 33
21 37
21 38
21 44
21 45
21 46
21 50
21 52
21 57
21 59
21 64
21 66
21 68
21 69
21 75
21 76
21 77
21 79
21 89
21 90
21 91
21 92
21 93
21 98
22 23
22 24
22 26
22 28
22 29
22 30
22 35
22 37
22 39
22 41
22 42
22 43
22 45
22 48
22 52
22 53
22 54
22 57
22 59
22 62
22 64
22 68
22 77
22 78
22 81
22 82
22 83
22 86
22 90
22 96
22 99
23 27
23 35
23 40
23 41
23 46
23 48
23 49
23 51
23 54
23 56
23 62
23 63
23 64
23 72
23 75
23 76
23 82
23 83
23 84
23 85
23 91
23 97
23 98
24 36
24 37
24 39
24 46
24 48
24 53
24 54
24 55
24 56
24 61
24 66
24 67
24 69
24 70
24 74
24 77
24 88
24 89
24 91
24 95
24 96
25 26
25 27
25 28
25 30
25 31
25 32
25 33
25 34
25 35
25 36
25 37
25 38
25 39
25 40
25 41
25 42
25 44
25 45
25 46
25 48
25 49
25 50
25 51
25 52
25 53
25 54
25 55
25 57
25 58
25 59
25 60
25 61
25 62
25 63
25 64
25 65
25 66
25 67
25 68
25 69
25 70
25 71
25 72
25 73
25 74
25 75
25 76
25 77
25 78
25 79
25 80
25 82
25 83
25 84
25 86
25 87
25 88
25 89
25 90
25 91
25 92
25 93
25 94
25 95
25 96
25 97
25 98
25 99
26 27
26 28
26 29
26 30
26 31
26 32
26 33
26 34
26 37
26 38
26 39
26 40
26 41
26 42
26 43
26 44
26 45
26 46
26 47
26 48
26 49
26 50
26 51
26 52
26 53
26 54
26 55
26 56
26 58
26 59
26 60
26 61
26 62
26 63
26 64
26 65
26 66
26 67
26 68
26 70
26 71
26 72
26 73
26 75
26 76
26 78
26 79
26 80
26 81
26 82
26 83
26 84
26 86
26 87
26 89
26 90
26 91
26 93
26 94
26 95
26 96
26 97
26 98
26 99
27 28
27 29
27 30
27 31
27 32
27 34
27 35
27 36
27 38
27 39
27 40
27 41
27 42
27 43
27 45
27 46
27 47
27 48
27 52
27 53
27 54
27 55
27 56
27 57
27 61
27 62
27 65
27 66
27 71
27 75
27 77
27 78
27 79
27 81
27 82
27 85
27 86
27 88
27 91
27 93
27 94
27 96
28 29
28 30
28 31
28 32
28 33
28 34
28 35
28 36
28 37
28 38
28 39
28 40
28 41
28 42
28 43
28 44
28 45
28 46
28 47
28 48
28 49
28 50
28 51
28 53
28 54
28 55
28 56
28 57
28 58
28 59
28 60
28 61
28 62
28 63
28 64
28 65
28 66
28 67
28 68
28 69
28 70
28 71
28 72
28 73
28 74
28 75
28 76
28 77
28 78
28 79
28 80
28 81
28 82
28 83
28 84
28 85
28 86
28 87
28 88
28 89
28 90
28 91
28 92
28 93
28 94
28 95
28 96
28 97
28 98
28 99
29 30
29 31
29 32
29 33
29 34
29 35
29 36
29 37
29 38
29 39
29 40
29 41
29 42
29 44
29 46
29 47
29 48
29 49
29 50
29 51
29 53
29 54
29 55
29 56
29 57
29 59
29 60
29 61
29 62
29 63
29 64
29 65
29 66
29 68
29 69
29 70
29 71
29 72
29 73
29 74
29 76
29 77
29 78
29 79
29 80
29 81
29 82
29 83
29 84
29 85
29 86
29 87
29 88
29 90
29 91
29 92
29 93
29 94
29 95
29 96
29 97
29 98
29 99
30 37
30 38
30 39
30 43
30 44
30 46
30 47
30 48
30 49
30 52
30 53
30 54
30 55
30 60
30 65
30 67
30 73
30 74
30 75
30 80
30 81
30 86
30 91
30 92
30 93
30 94
30 96
30 99
31 39
31 47
31 60
31 97
32 34
32 35
32 36
32 37
32 38
32 39
32 40
32 41
32 42
32 43
32 44
32 45
32 46
32 47
32 48
32 49
32 50
32 51
32 53
32 54
32 55
32 56
32 57
32 59
32 60
32 61
32 62
32 63
32 64
32 65
32 66
32 67
32 68
32 69
32 70
32 73
32 74
32 75
32 76
32 77
32 78
32 79
32 80
32 81
32 82
32 84
32 85
32 86
32 87
32 88
32 89
32 90
32 91
32 92
32 93
32 94
32 95
32 96
32 97
32 98
32 99
33 55
33 62
33 70
33 78
33 79
33 95
34 35
34 36
34 37
34 38
34 39
34 40
34 42
34 43
34 47
34 50
34 51
34 55
34 57
34 59
34 63
34 67
34 68
34 69
34 72
34 73
34 74
34 75
34 76
34 78
34 79
34 80
34 81
34 82
34 83
34 84
34 89
34 90
34 92
34 93
34 94
34 98
35 39
35 41
35 46
35 57
35 70
35 71
35 79
35 99
36 38
36 39
36 40
36 41
36 42
36 43
36 44
36 45
36 46
36 47
36 48
36 49
36 50
36 51
36 53
36 55
36 56
36 57
36 58
36 59
36 60
36 61
36 62
36 63
36 64
36 65
36 66
36 67
36 68
36 69
36 70
36 71
36 72
36 73
36 74
36 75
36 76
36 77
36 78
36 80
36 81
36 82
36 83
36 84
36 85
36 86
36 88
36 89
36 90
36 91
36 92
36 93
36 94
36 95
36 96
36 97
36 98
36 99
37 42
37 45
37 49
37 52
37 55
37 56
37 59
37 61
37 62
37 63
37 66
37 70
37 74
37 76
37 77
37 79
37 81
37 84
37 91
37 95
37 96
37 98
38 41
38 43
38 46
38 48
38 49
38 50
38 53
38 57
38 64
38 65
38 66
38 68
38 70
38 71
38 72
38 75
38 76
38 77
38 79
38 80
38 83
38 84
38 86
38 87
38 92
38 95
38 97
38 98
39 40
39 41
39 42
39 45
39 47
39 48
39 49
39 51
39 52
39 53
39 54
39 55
39 56
39 57
39 59
39 60
39 61
39 62
39 63
39 64
39 65
39 66
39 67
39 68
39 69
39 70
39 72
39 73
39 74
39 75
39 76
39 77
39 80
39 81
39 82
39 83
39 84
39 85
39 86
39 87
39 91
39 92
39 93
39 94
39 95
39 96
39 98
39 99
40 41
40 42
40 43
40 44
40 45
40 47
40 48
40 49
40 50
40 51
40 52
40 56
40 57
40 60
40 61
40 62
40 63
40 64
40 65
40 67
40 69
40 71
40 72
40 76
40 77
40 78
40 79
40 80
40 81
40 82
40 83
40 84
40 85
40 86
40 87
40 88
40 90
40 91
40 92
40 93
40 94
40 96
40 97
40 98
41 43
41 44
41 47
41 48
41 49
41 52
41 53
41 54
41 55
41 56
41 57
41 58
41 59
41 60
41 61
41 62
41 63
41 65
41 69
41 70
41 71
41 72
41 73
41 74
41 75
41 76
41 79
41 80
41 82
41 83
41 84
41 87
41 91
41 92
41 93
41 94
41 96
41 98
42 43
42 44
42 45
42 46
42 47
42 48
42 49
42 50
42 51
42 52
42 54
42 55
42 57
42 58
42 59
42 61
42 62
42 63
42 64
42 65
42 66
42 67
42 68
42 69
42 70
42 71
42 72
42 77
42 78
42 79
42 80
42 81
42 82
42 83
42 84
42 86
42 87
42 88
42 90
42 91
42 92
42 93
42 94
42 95
42 96
42 98
42 99
43 44
43 45
43 46
43 47
43 48
43 49
43 50
43 51
43 52
43 53
43 54
43 55
43 56
43 57
43 58
43 59
43 60
43 61
43 62
43 63
43 64
43 65
43 66
43 67
43 68
43 69
43 70
43 71
43 72
43 73
43 74
43 75
43 76
43 77
43 78
43 79
43 80
43 81
43 82
43 83
43 84
43 85
43 86
43 87
43 88
43 89
43 90
43 91
43 92
43 93
43 94
43 95
43 96
43 97
43 98
43 99
44 56
44 58
44 81
44 86
44 93
45 47
45 48
45 54
45 58
45 60
45 64
45 65
45 66
45 68
45 69
45 72
45 73
45 75
45 80
45 85
45 87
45 88
45 98
46 48
46 49
46 50
46 51
46 52
46 54
46 55
46 56
46 57
46 58
46 59
46 61
46 62
46 63
46 64
46 65
46 66
46 67
46 68
46 70
46 71
46 72
46 75
46 76
46 77
46 78
46 79
46 80
46 82
46 83
46 84
46 85
46 86
46 87
46 88
46 89
46 90
46 91
46 92
46 93
46 94
46 95
46 96
46 97
46 98
46 99
47 55
47 60
47 62
47 65
47 66
47 68
47 70
47 71
47 72
47 74
47 76
47 78
47 79
47 80
47 81
47 82
47 84
47 89
47 91
47 92
47 93
47 94
47 96
48 49
48 50
48 51
48 52
48 53
48 54
48 55
48 56
48 59
48 60
48 61
48 62
48 63
48 65
48 66
48 67
48 68
48 70
48 71
48 72
48 73
48 74
48 75
48 76
48 77
48 78
48 80
48 81
48 82
48 83
48 84
48 89
48 90
48 91
48 92
48 93
48 95
48 96
48 97
48 98
48 99
49 51
49 53
49 54
49 55
49 57
49 60
49 61
49 62
49 63
49 65
49 66
49 67
49 70
49 72
49 74
49 76
49 77
49 79
49 80
49 81
49 82
49 83
49 84
49 89
49 90
49 91
49 96
49 97
50 52
50 54
50 57
50 58
50 60
50 61
50 64
50 65
50 66
50 67
50 70
50 71
50 72
50 77
50 78
50 80
50 81
50 86
50 87
50 89
50 92
50 93
50 96
50 97
50 98
50 99
51 52
51 53
51 54
51 56
51 59
51 60
51 61
51 62
51 63
51 64
51 67
51 68
51 69
51 70
51 72
51 73
51 74
51 76
51 77
51 78
51 80
51 81
51 84
51 85
51 86
51 87
51 88
51 89
51 90
51 93
51 94
51 95
51 97
52 63
52 66
52 67
52 68
52 69
52 72
52 73
52 74
52 77
52 78
52 79
52 80
52 85
52 89
52 91
52 94
52 95
52 96
52 97
52 98
53 56
53 57
53 58
53 59
53 60
53 61
53 63
53 64
53 66
53 67
53 68
53 69
53 70
53 71
53 72
53 73
53 74
53 76
53 77
53 79
53 80
53 81
53 82
53 83
53 84
53 86
53 87
53 88
53 89
53 90
53 91
53 92
53 93
53 95
53 97
53 98
53 99
54 56
54 57
54 58
54 59
54 60
54 61
54 62
54 63
54 64
54 65
54 66
54 67
54 68
54 69
54 71
54 72
54 73
54 74
54 75
54 76
54 77
54 78
54 79
54 80
54 81
54 82
54 84
54 85
54 86
54 87
54 88
54 89
54 90
54 91
54 92
54 94
54 95
54 96
54 98
54 99
55 56
55 60
55 61
55 63
55 65
55 67
55 69
55 71
55 72
55 77
55 78
55 81
55 82
55 83
55 85
55 86
55 87
55 88
55 89
55 91
55 92
55 93
55 94
55 95
55 96
55 98
55 99
56 57
56 59
56 70
56 73
56 78
56 81
56 82
56 83
57 59
57 65
57 70
57 71
57 85
57 90
57 97
57 98
58 59
58 62
58 67
58 68
58 69
58 70
58 71
58 75
58 78
58 80
58 82
58 83
58 84
58 85
58 86
58 87
58 89
58 90
58 95
58 96
58 98
58 99
59 60
59 61
59 62
59 63
59 64
59 65
59 66
59 67
59 68
59 69
59 70
59 71
59 72
59 73
59 74
59 75
59 76
59 77
59 78
59 79
59 80
59 81
59 82
59 83
59 84
59 85
59 86
59 87
59 88
59 89
59 90
59 91
59 92
59 93
59 94
59 95
59 96
59 97
59 98
59 99
60 62
60 63
60 74
60 76
60 83
60 86
60 90
60 96
61 71
61 72
61 73
61 76
61 81
61 82
61 84
61 86
61 88
61 89
61 92
61 93
61 95
62 67
62 70
62 72
62 73
62 79
62 83
62 84
62 90
62 92
63 66
63 67
63 68
63 70
63 72
63 74
63 75
63 76
63 80
63 82
63 83
63 84
63 86
63 92
63 94
63 95
63 98
64 66
64 67
64 70
64 77
64 78
64 79
64 82
64 85
64 87
64 89
64 90
64 94
64 97
65 66
65 67
65 68
65 69
65 71
65 73
65 74
65 76
65 77
65 78
65 80
65 82
65 83
65 85
65 86
65 87
65 88
65 89
65 90
65 91
65 92
65 93
65 94
65 95
65 96
65 98
65 99
66 69
66 70
66 79
66 80
66 88
66 96
67 68
67 69
67 75
67 76
67 77
67 78
67 80
67 86
67 87
67 91
67 92
67 96
67 98
68 69
68 70
68 71
68 73
68 74
68 75
68 76
68 77
68 80
68 81
68 82
68 83
68 84
68 85
68 86
68 88
68 89
68 90
68 91
68 92
68 94
68 95
68 96
68 98
68 99
69 71
69 72
69 75
69 76
69 77
69 79
69 83
69 84
69 93
69 99
70 74
70 75
70 80
70 91
70 94
71 73
71 75
71 81
71 82
71 87
71 89
71 90
71 91
71 94
72 78
72 80
72 82
72 83
72 85
72 87
72 90
72 94
72 95
72 96
73 74
73 75
73 77
73 78
73 80
73 81
73 84
73 85
73 86
73 87
73 88
73 89
73 90
73 91
73 92
73 93
73 94
73 95
73 96
73 98
73 99
74 77
74 78
74 81
74 82
74 85
74 86
74 87
74 90
74 92
75 79
75 80
75 83
75 84
75 85
75 88
75 92
76 83
76 95
76 96
76 99
77 91
77 92
77 93
78 79
78 80
78 81
78 82
78 84
78 85
78 86
78 88
78 89
78 90
78 91
78 92
78 93
78 94
78 95
78 96
78 97
78 98
78 99
79 93
79 98
80 81
80 82
80 83
80 84
80 85
80 86
80 87
80 88
80 89
80 90
80 91
80 92
80 93
80 94
80 95
80 96
80 97
80 98
80 99
81 82
81 83
81 84
81 85
81 86
81 87
81 88
81 92
81 94
81 95
81 96
81 98
82 83
82 84
82 85
82 87
82 88
82 90
82 91
82 92
82 93
82 94
82 95
82 96
82 97
82 98
82 99
83 84
83 85
83 86
83 87
83 88
83 89
83 90
83 91
83 92
83 93
83 94
83 95
83 96
83 97
83 98
83 99
84 85
84 86
84 87
84 88
84 89
84 91
84 93
84 98
84 99
85 86
85 87
85 88
85 90
85 91
85 92
85 93
85 95
85 96
85 97
85 98
85 99
86 90
86 96
86 97
86 98
87 89
87 90
87 92
87 93
87 95
87 96
87 97
87 98
88 93
88 96
88 97
89 91
89 94
89 96
89 97
90 92
90 95
90 96
90 99
91 96
91 97
91 98
92 96
92 98
93 94
93 95
94 95
94 98
94 99
95 97
95 98
96 97
96 98
96 99
97 98
97 99
98 99
