0 1
0 2
0 6
0 10
0 11
0 12
0 15
0 16
0 19
0 20
0 23
0 24
0 25
0 26
0 27
0 29
0 30
0 38
0 39
0 40
0 41
0 43
0 45
0 48
0 50
0 51
0 52
0 57
0 58
0 60
0 61
0 68
0 69
0 70
0 73
0 74
0 77
0 78
0 79
0 81
0 84
0 85
0 87
0 89
0 91
0 92
0 93
0 94
0 95
1 2
1 3
1 6
1 7
1 8
1 9
1 10
1 13
1 15
1 16
1 17
1 18
1 20
1 21
1 22
1 24
1 28
1 29
1 31
1 33
1 35
1 36
1 37
1 38
1 39
1 40
1 41
1 42
1 44
1 45
1 46
1 47
1 49
1 50
1 51
1 55
1 56
1 57
1 60
1 62
1 63
1 64
1 65
1 67
1 68
1 70
1 72
1 73
1 74
1 76
1 78
1 81
1 83
1 84
1 86
1 87
1 89
1 90
1 92
1 94
1 97
1 98
1 99
2 4
2 11
2 24
2 34
2 38
2 43
2 51
2 54
2 70
2 71
2 73
2 82
2 86
2 88
2 89
2 93
2 97
3 4
3 5
3 7
3 10
3 11
3 14
3 15
3 17
3 19
3 20
3 22
3 24
3 29
3 31
3 33
3 34
3 36
3 38
3 39
3 40
3 43
3 44
3 45
3 46
3 47
3 48
3 49
3 51
3 53
3 55
3 56
3 59
3 60
3 61
3 63
3 68
3 70
3 71
3 73
3 74
3 79
3 84
3 87
3 90
3 91
3 96
3 97
3 98
3 99
4 5
4 6
4 7
4 8
4 9
4 10
4 11
4 12
4 13
4 14
4 15
4 16
4 17
4 19
4 20
4 21
4 22
4 23
4 24
4 25
4 26
4 27
4 28
4 29
4 30
4 31
4 33
4 34
4 35
4 36
4 38
4 39
4 40
4 41
4 42
4 43
4 44
4 45
4 47
4 48
4 49
4 50
4 51
4 52
4 53
4 54
4 55
4 56
4 57
4 58
4 59
4 60
4 61
4 62
4 63
4 64
4 65
4 66
4 67
4 68
4 70
4 71
4 72
4 73
4 74
4 75
4 76
4 77
4 78
4 79
4 80
4 81
4 82
4 83
4 84
4 85
4 87
4 88
4 89
4 90
4 91
4 92
4 93
4 94
4 95
4 96
4 97
4 98
4 99
5 6
5 7
5 8
5 12
5 14
5 15
5 16
5 17
5 18
5 19
5 20
5 21
5 22
5 23
5 24
5 25
5 26
5 28
5 29
5 30
5 31
5 33
5 34
5 35
5 36
5 37
5 38
5 39
5 40
5 41
5 42
5 43
5 44
5 45
5 46
5 47
5 48
5 49
5 50
5 51
5 52
5 53
5 54
5 55
5 57
5 58
5 59
5 60
5 62
5 63
5 64
5 65
5 66
5 67
5 68
5 69
5 70
5 71
5 72
5 73
5 74
5 75
5 76
5 77
5 78
5 79
5 80
5 81
5 82
5 83
5 84
5 85
5 86
5 87
5 88
5 89
5 90
5 91
5 92
5 94
5 95
5 96
5 98
5 99
6 7
6 8
6 9
6 10
6 11
6 12
6 13
6 14
6 15
6 16
6 17
6 18
6 19
6 20
6 21
6 22
6 23
6 24
6 25
6 26
6 27
6 28
6 29
6 30
6 31
6 32
6 33
6 34
6 35
6 36
6 37
6 38
6 39
6 40
6 41
6 42
6 43
6 44
6 45
6 46
6 47
6 48
6 49
6 50
6 51
6 52
6 53
6 54
6 55
6 56
6 57
6 58
6 59
6 61
6 62
6 66
6 67
6 68
6 69
6 71
6 72
6 73
6 74
6 75
6 76
6 77
6 78
6 79
6 80
6 82
6 83
6 84
6 85
6 86
6 87
6 88
6 89
6 91
6 92
6 94
6 95
6 96
6 97
6 98
6 99
7 11
7 14
7 15
7 16
7 17
7 18
7 19
7 20
7 21
7 23
7 30
7 31
7 35
7 36
7 39
7 40
7 43
7 44
7 46
7 47
7 48
7 50
7 51
7 54
7 60
7 62
7 63
7 67
7 68
7 70
7 75
7 76
7 80
7 84
7 85
7 86
7 87
7 89
7 90
7 94
7 95
7 96
7 98
7 99
8 16
8 20
8 22
8 27
8 28
8 40
8 41
8 49
8 54
8 61
8 83
8 89
8 93
8 99
9 10
9 11
9 12
9 13
9 14
9 15
9 18
9 23
9 24
9 25
9 26
9 28
9 29
9 31
9 32
9 34
9 35
9 36
9 37
9 38
9 39
9 40
9 41
9 42
9 43
9 44
9 46
9 48
9 49
9 50
9 51
9 52
9 55
9 56
9 57
9 58
9 60
9 61
9 64
9 65
9 66
9 68
9 71
9 75
9 76
9 77
9 78
9 79
9 82
9 83
9 84
9 86
9 88
9 89
9 90
9 92
9 94
9 95
9 98
9 99
10 11
10 12
10 13
10 14
10 15
10 17
10 18
10 19
10 22
10 23
10 25
10 26
10 27
10 29
10 31
10 32
10 33
10 34
10 35
10 36
10 37
10 39
10 40
10 41
10 44
10 45
10 46
10 47
10 48
10 50
10 51
10 52
10 53
10 54
10 56
10 57
10 58
10 59
10 60
10 63
10 64
10 65
10 66
10 67
10 68
10 69
10 70
10 71
10 72
10 74
10 75
10 77
10 79
10 82
10 83
10 84
10 85
10 86
10 87
10 88
10 89
10 90
10 91
10 92
10 93
10 95
10 96
10 97
10 98
10 99
11 12
11 13
11 14
11 15
11 16
11 17
11 18
11 19
11 20
11 21
11 22
11 23
11 24
11 25
11 26
11 27
11 28
11 30
11 31
11 33
11 34
11 35
11 36
11 37
11 38
11 39
11 40
11 41
11 42
11 43
11 44
11 45
11 46
11 47
11 49
11 50
11 51
11 52
11 53
11 54
11 56
11 57
11 59
11 60
11 61
11 62
11 63
11 64
11 65
11 66
11 67
11 68
11 69
11 70
11 71
11 72
11 73
11 74
11 75
11 76
11 77
11 78
11 79
11 80
11 81
11 82
11 83
11 84
11 85
11 86
11 87
11 88
11 89
11 90
11 91
11 92
11 93
11 94
11 95
11 96
11 97
11 98
11 99
12 16
12 18
12 21
12 34
12 36
12 37
12 38
12 42
12 46
12 65
12 75
12 78
12 96
12 98
13 14
13 15
13 16
13 17
13 19
13 20
13 21
13 22
13 23
13 24
13 25
13 26
13 27
13 28
13 29
13 31
13 32
13 33
13 34
13 35
13 36
13 38
13 39
13 40
13 41
13 42
13 43
13 44
13 46
13 47
13 49
13 50
13 51
13 52
13 53
13 54
13 55
13 56
13 57
13 58
13 59
13 60
13 61
13 63
13 64
13 65
13 66
13 67
13 68
13 69
13 70
13 71
13 73
13 74
13 75
13 76
13 78
13 79
13 80
13 81
13 82
13 83
13 84
13 85
13 86
13 87
13 88
13 89
13 90
13 91
13 92
13 93
13 94
13 95
13 96
13 97
13 98
13 99
14 15
14 17
14 18
14 19
14 20
14 22
14 23
14 24
14 25
14 26
14 27
14 28
14 29
14 30
14 31
14 32
14 35
14 36
14 37
14 39
14 40
14 42
14 43
14 44
14 45
14 46
14 47
14 49
14 52
14 54
14 55
14 57
14 58
14 59
14 62
14 63
14 65
14 66
14 67
14 68
14 71
14 72
14 73
14 74
14 75
14 76
14 77
14 78
14 79
14 81
14 82
14 87
14 88
14 89
14 90
14 91
14 92
14 94
14 96
14 97
14 99
15 16
15 17
15 18
15 19
15 20
15 21
15 22
15 23
15 24
15 25
15 26
15 27
15 28
15 29
15 30
15 31
15 32
15 33
15 34
15 36
15 37
15 38
15 39
15 40
15 41
15 42
15 43
15 44
15 45
15 46
15 47
15 48
15 49
15 50
15 51
15 52
15 53
15 54
15 55
15 56
15 57
15 58
15 59
15 60
15 62
15 63
15 64
15 65
15 66
15 67
15 68
15 69
15 70
15 71
15 72
15 73
15 74
15 75
15 76
15 77
15 78
15 79
15 80
15 81
15 82
15 83
15 84
15 85
15 86
15 87
15 88
15 89
15 90
15 91
15 92
15 93
15 94
15 95
15 96
15 97
15 98
15 99
16 22
16 24
16 25
16 26
16 27
16 28
16 30
16 31
16 32
16 36
16 37
16 40
16 42
16 46
16 54
16 58
16 59
16 60
16 62
16 66
16 71
16 72
16 73
16 75
16 77
16 78
16 79
16 81
16 86
16 87
16 88
16 91
16 92
16 94
16 97
17 18
17 19
17 20
17 24
17 25
17 26
17 28
17 31
17 36
17 43
17 44
17 47
17 48
17 54
17 57
17 61
17 62
17 64
17 69
17 70
17 71
17 73
17 75
17 76
17 78
17 82
17 83
17 85
17 86
17 88
17 89
17 91
17 92
17 93
17 94
17 96
17 99
18 20
18 21
18 22
18 23
18 24
18 25
18 26
18 27
18 29
18 30
18 31
18 32
18 34
18 35
18 37
18 38
18 41
18 43
18 45
18 49
18 53
18 55
18 57
18 58
18 59
18 60
18 61
18 62
18 63
18 64
18 65
18 66
18 67
18 68
18 69
18 70
18 71
18 74
18 76
18 77
18 78
18 79
18 80
18 81
18 82
18 83
18 84
18 86
18 89
18 90
18 91
18 92
18 93
18 95
18 96
18 97
18 98
18 99
19 20
19 21
19 22
19 24
19 25
19 26
19 27
19 28
19 29
19 30
19 31
19 32
19 33
19 34
19 35
19 37
19 38
19 39
19 40
19 41
19 42
19 43
19 44
19 45
19 47
19 48
19 49
19 50
19 52
19 53
19 54
19 56
19 57
19 58
19 59
19 60
19 61
19 62
19 63
19 64
19 65
19 66
19 67
19 68
19 69
19 70
19 71
19 72
19 73
19 74
19 76
19 77
19 78
19 79
19 80
19 81
19 82
19 83
19 84
19 85
19 86
19 87
19 88
19 89
19 90
19 91
19 92
19 93
19 94
19 95
19 96
19 97
19 98
19 99
20 21
20 22
20 24
20 26
20 27
20 28
20 32
20 36
20 44
20 49
20 55
20 56
20 57
20 60
20 61
20 64
20 65
20 66
20 69
20 70
20 74
20 76
20 79
20 80
20 81
20 82
20 84
20 87
20 90
20 91
20 95
20 97
21 22
21 23
21 24
21 25
21 26
21 30
21 34
21 36
21 37
21 39
21 41
21 43
21 44
21 46
21 47
21 48
21 49
21 53
21 54
21 55
21 56
21 57
21 58
21 59
21 60
21 62
21 63
21 64
21 68
21 69
21 70
21 71
21 72
21 73
21 74
21 75
21 76
21 79
21 80
21 81
21 83
21 84
21 86
21 88
21 89
21 91
21 92
21 93
21 94
21 95
21 97
22 23
22 25
22 26
22 27
22 29
22 30
22 32
22 33
22 35
22 36
22 37
22 38
22 40
22 42
22 45
22 47
22 49
22 52
22 53
22 56
22 57
22 59
22 60
22 61
22 63
22 64
22 65
22 68
22 69
22 70
22 71
22 72
22 74
22 75
22 77
22 81
22 83
22 84
22 85
22 86
22 87
22 88
22 90
22 91
22 93
22 94
22 97
22 98
22 99
23 24
23 26
23 27
23 28
23 29
23 30
23 31
23 32
23 33
23 34
23 35
23 37
23 38
23 39
23 40
23 41
23 42
23 43
23 44
23 45
23 46
23 47
23 48
23 49
23 51
23 54
23 55
23 56
23 57
23 58
23 59
23 60
23 61
23 64
23 65
23 66
23 68
23 69
23 70
23 71
23 73
23 74
23 75
23 76
23 78
23 81
23 83
23 84
23 85
23 87
23 88
23 89
23 90
23 91
23 92
23 93
23 95
23 96
23 97
23 99
24 25
24 27
24 28
24 29
24 30
24 31
24 32
24 33
24 34
24 35
24 36
24 37
24 39
24 40
24 41
24 42
24 44
24 46
24 47
24 48
24 49
24 50
24 51
24 52
24 53
24 54
24 55
24 56
24 57
24 60
24 61
24 62
24 63
24 64
24 65
24 66
24 67
24 68
24 71
24 73
24 74
24 75
24 76
24 77
24 78
24 79
24 81
24 82
24 84
24 85
24 86
24 88
24 89
24 90
24 91
24 92
24 94
24 95
24 96
24 97
24 98
24 99
25 40
25 46
25 47
25 48
25 52
25 55
25 58
25 62
25 64
25 69
25 73
25 86
25 88
25 89
25 95
25 98
26 27
26 28
26 29
26 30
26 31
26 32
26 33
26 34
26 36
26 37
26 38
26 39
26 40
26 41
26 42
26 43
26 44
26 45
26 46
26 48
26 50
26 51
26 52
26 53
26 54
26 55
26 56
26 58
26 59
26 60
26 61
26 62
26 63
26 64
26 66
26 67
26 68
26 69
26 70
26 71
26 72
26 73
26 74
26 75
26 76
26 77
26 79
26 80
26 82
26 83
26 84
26 85
26 86
26 87
26 88
26 89
26 90
26 91
26 92
26 93
26 94
26 95
26 96
26 97
26 98
27 30
27 34
27 37
27 38
27 40
27 41
27 43
27 44
27 46
27 49
27 52
27 53
27 58
27 63
27 64
27 75
27 76
27 80
27 83
27 86
27 88
27 93
27 97
28 33
28 35
28 39
28 42
28 43
28 44
28 45
28 46
28 47
28 49
28 50
28 51
28 53
28 57
28 58
28 59
28 62
28 63
28 65
28 67
28 69
28 71
28 76
28 77
28 78
28 79
28 80
28 81
28 82
28 87
28 88
28 90
28 93
28 96
28 97
28 99
29 30
29 31
29 32
29 34
29 35
29 38
29 43
29 44
29 49
29 50
29 52
29 53
29 54
29 57
29 60
29 61
29 62
29 66
29 68
29 69
29 71
29 74
29 75
29 78
29 79
29 81
29 82
29 85
29 89
29 90
29 91
29 92
29 93
29 94
29 95
29 96
29 97
29 98
30 32
30 35
30 37
30 40
30 43
30 44
30 47
30 48
30 50
30 53
30 54
30 55
30 57
30 58
30 62
30 63
30 64
30 65
30 68
30 71
30 73
30 74
30 77
30 78
30 80
30 81
30 83
30 86
30 87
30 89
30 90
30 91
30 92
30 94
30 95
30 98
30 99
31 42
31 96
32 35
32 36
32 43
32 44
32 46
32 47
32 48
32 52
32 53
32 55
32 56
32 59
32 60
32 64
32 65
32 67
32 71
32 73
32 74
32 75
32 78
32 80
32 82
32 84
32 85
32 88
32 91
32 93
32 95
32 98
33 35
33 37
33 38
33 40
33 44
33 45
33 47
33 49
33 50
33 53
33 54
33 55
33 58
33 59
33 60
33 64
33 68
33 69
33 71
33 73
33 76
33 78
33 79
33 80
33 84
33 87
33 88
33 92
33 97
33 99
34 35
34 37
34 38
34 39
34 42
34 45
34 46
34 47
34 48
34 49
34 52
34 53
34 55
34 56
34 60
34 63
34 64
34 66
34 68
34 70
34 71
34 74
34 75
34 76
34 77
34 78
34 79
34 81
34 83
34 88
34 90
34 91
34 92
34 94
34 95
34 96
34 98
35 36
35 37
35 38
35 39
35 40
35 41
35 42
35 43
35 45
35 47
35 48
35 49
35 51
35 53
35 54
35 55
35 56
35 57
35 58
35 59
35 60
35 61
35 63
35 64
35 66
35 67
35 68
35 69
35 71
35 73
35 76
35 79
35 81
35 82
35 83
35 84
35 86
35 87
35 88
35 90
35 92
35 93
35 96
35 97
35 99
36 44
36 47
36 51
36 60
36 68
36 71
36 77
36 78
36 81
36 83
36 85
36 87
36 88
37 38
37 40
37 41
37 42
37 44
37 45
37 46
37 47
37 49
37 50
37 51
37 52
37 53
37 54
37 57
37 58
37 59
37 60
37 61
37 62
37 63
37 64
37 66
37 67
37 69
37 70
37 72
37 73
37 74
37 75
37 76
37 77
37 78
37 79
37 80
37 81
37 82
37 83
37 84
37 86
37 88
37 89
37 90
37 91
37 92
37 93
37 94
37 95
37 96
37 97
37 98
37 99
38 39
38 41
38 43
38 46
38 47
38 49
38 51
38 58
38 59
38 61
38 63
38 65
38 69
38 70
38 71
38 72
38 74
38 76
38 77
38 78
38 80
38 84
38 85
38 86
38 87
38 89
38 92
38 93
38 95
38 99
39 40
39 41
39 42
39 43
39 44
39 45
39 46
39 47
39 48
39 50
39 51
39 52
39 53
39 54
39 55
39 56
39 57
39 58
39 59
39 60
39 61
39 62
39 63
39 64
39 65
39 66
39 67
39 68
39 69
39 70
39 71
39 72
39 73
39 74
39 75
39 76
39 77
39 78
39 79
39 80
39 81
39 82
39 83
39 84
39 85
39 86
39 87
39 88
39 89
39 90
39 91
39 92
39 93
39 94
39 95
39 96
39 97
39 98
39 99
40 41
40 42
40 44
40 45
40 46
40 47
40 50
40 51
40 53
40 54
40 55
40 56
40 57
40 60
40 61
40 62
40 63
40 64
40 66
40 68
40 70
40 72
40 73
40 74
40 75
40 79
40 80
40 81
40 84
40 85
40 86
40 87
40 89
40 91
40 93
40 94
40 96
41 43
41 44
41 49
41 51
41 55
41 56
41 58
41 63
41 65
41 66
41 68
41 69
41 71
41 73
41 74
41 76
41 78
41 79
41 87
41 94
41 95
41 96
41 98
42 43
42 44
42 45
42 49
42 50
42 51
42 53
42 54
42 55
42 58
42 60
42 61
42 63
42 64
42 65
42 66
42 67
42 68
42 69
42 70
42 74
42 75
42 77
42 80
42 81
42 84
42 85
42 87
42 93
42 94
42 99
43 44
43 45
43 48
43 49
43 51
43 52
43 53
43 54
43 57
43 60
43 61
43 63
43 65
43 67
43 72
43 73
43 74
43 77
43 85
43 87
43 88
43 89
43 91
43 93
43 94
43 99
44 46
44 48
44 49
44 51
44 52
44 53
44 54
44 57
44 61
44 62
44 64
44 67
44 70
44 72
44 73
44 80
44 82
44 83
44 84
44 85
44 88
44 91
44 92
44 94
44 99
45 46
45 48
45 49
45 57
45 60
45 67
45 71
45 74
45 75
45 78
45 82
45 84
45 85
45 87
45 89
45 93
45 94
45 96
45 97
45 99
46 48
46 75
46 76
46 94
47 51
47 55
47 77
47 85
48 49
48 50
48 51
48 52
48 54
48 55
48 59
48 60
48 62
48 65
48 68
48 76
48 82
48 84
48 86
49 51
49 52
49 55
49 56
49 57
49 58
49 62
49 63
49 69
49 73
49 75
49 77
49 80
49 84
49 87
49 88
49 89
49 90
49 92
49 98
50 53
50 54
50 55
50 56
50 57
50 58
50 59
50 60
50 64
50 65
50 66
50 67
50 68
50 69
50 70
50 71
50 72
50 73
50 74
50 75
50 76
50 77
50 80
50 81
50 84
50 85
50 86
50 87
50 88
50 89
50 91
50 92
50 93
50 94
50 95
50 96
50 97
50 99
51 55
51 58
51 67
51 73
51 78
51 86
51 96
51 97
52 53
52 54
52 55
52 56
52 57
52 58
52 59
52 60
52 61
52 62
52 63
52 64
52 66
52 67
52 68
52 69
52 71
52 72
52 73
52 74
52 75
52 76
52 77
52 79
52 80
52 81
52 82
52 83
52 84
52 85
52 86
52 87
52 88
52 90
52 91
52 92
52 93
52 94
52 95
52 96
52 99
53 54
53 56
53 57
53 59
53 62
53 64
53 69
53 72
53 73
53 74
53 75
53 76
53 77
53 81
53 82
53 84
53 86
53 87
53 90
53 91
53 93
53 95
53 97
53 99
54 56
54 82
55 64
55 68
56 57
56 58
56 59
56 60
56 61
56 62
56 67
56 68
56 69
56 71
56 72
56 74
56 75
56 76
56 77
56 78
56 79
56 80
56 81
56 82
56 84
56 86
56 87
56 88
56 90
56 91
56 92
56 93
56 94
56 97
56 99
57 59
57 62
57 63
57 64
57 65
57 66
57 70
57 71
57 72
57 76
57 77
57 79
57 81
57 82
57 83
57 87
57 88
57 90
57 91
57 93
57 94
57 97
58 59
58 60
58 61
58 62
58 63
58 64
58 66
58 68
58 69
58 71
58 72
58 73
58 76
58 77
58 80
58 83
58 84
58 85
58 87
58 88
58 91
58 92
58 94
58 95
58 96
58 97
58 98
58 99
59 62
59 71
59 72
59 76
59 77
59 86
59 92
59 94
59 97
59 98
60 61
60 62
60 63
60 68
60 75
60 76
60 77
60 78
60 79
60 80
60 81
60 82
60 83
60 84
60 85
60 87
60 89
60 91
60 93
60 94
60 95
60 96
60 98
61 64
61 66
61 67
61 69
61 71
61 72
61 75
61 76
61 78
61 79
61 81
61 82
61 83
61 84
61 85
61 86
61 87
61 89
61 91
61 93
61 95
61 96
61 97
61 98
62 64
62 66
62 67
62 68
62 69
62 71
62 72
62 74
62 75
62 79
62 80
62 81
62 82
62 83
62 84
62 88
62 89
62 92
62 94
62 99
63 65
63 71
63 73
63 76
63 77
63 78
63 79
63 83
63 88
63 95
63 96
64 66
64 67
64 68
64 69
64 70
64 71
64 72
64 73
64 75
64 76
64 77
64 78
64 80
64 81
64 84
64 85
64 86
64 88
64 89
64 90
64 91
64 92
64 94
64 95
64 96
64 97
64 98
64 99
65 66
65 67
65 68
65 69
65 70
65 71
65 72
65 73
65 74
65 75
65 76
65 77
65 78
65 79
65 80
65 81
65 82
65 83
65 84
65 85
65 86
65 87
65 88
65 90
65 91
65 92
65 93
65 94
65 95
65 96
65 97
65 98
65 99
66 69
66 71
66 72
66 74
66 75
66 76
66 77
66 78
66 79
66 80
66 81
66 82
66 84
66 85
66 86
66 87
66 88
66 89
66 91
66 92
66 94
66 95
66 96
66 97
67 75
67 78
67 79
67 85
67 88
67 91
67 92
67 93
67 94
67 97
67 99
68 84
68 99
69 71
69 73
69 77
69 78
69 79
69 82
70 72
70 74
70 75
70 76
70 77
70 78
70 79
70 80
70 81
70 82
70 83
70 87
70 88
70 90
70 91
70 93
70 94
70 96
70 97
70 99
71 75
71 78
71 80
71 87
72 74
72 84
72 85
73 74
73 85
73 86
73 95
73 96
73 98
74 75
74 76
74 80
74 82
74 83
74 85
74 86
74 87
74 88
74 90
74 91
74 92
74 94
74 95
74 96
75 76
75 77
75 80
75 81
75 82
75 83
75 86
75 87
75 88
75 89
75 90
75 91
75 99
76 77
76 79
76 83
76 96
77 78
77 80
77 85
77 86
77 87
77 89
77 91
77 96
77 98
78 95
79 80
79 81
79 82
79 83
79 84
79 85
79 86
79 87
79 88
79 89
79 90
79 91
79 92
79 93
79 94
79 95
79 96
79 97
79 99
80 87
80 90
80 91
80 92
80 96
80 98
81 84
81 90
81 91
81 94
81 96
81 99
82 83
82 84
82 85
82 86
82 87
82 88
82 89
82 90
82 91
82 92
82 94
82 95
82 96
82 97
82 98
83 87
83 97
84 86
84 87
84 88
84 89
84 90
84 91
84 93
84 94
84 95
84 96
84 98
84 99
85 87
85 93
85 94
85 96
85 97
85 98
86 89
86 90
86 92
86 96
86 97
86 98
86 99
87 89
87 90
87 92
87 93
87 94
87 95
87 97
87 98
88 89
88 90
88 91
88 92
88 93
88 94
88 95
88 96
88 98
88 99
89 91
89 93
89 98
90 92
90 93
90 94
90 98
91 94
92 98
92 99
93 96
94 98
94 99
95 96
95 97
95 98
96 97
96 99
97 99
98 99
