0 96
1 12
1 15
1 25
1 29
1 32
1 34
1 38
1 39
1 40
1 62
1 63
1 68
1 69
1 71
1 74
1 76
1 80
1 85
1 86
1 89
1 90
1 91
1 93
1 94
1 99
2 4
2 5
2 6
2 8
2 9
2 10
2 11
2 12
2 13
2 14
2 15
2 16
2 17
2 18
2 20
2 21
2 22
2 23
2 25
2 26
2 28
2 29
2 30
2 32
2 33
2 34
2 35
2 36
2 37
2 38
2 39
2 42
2 43
2 44
2 45
2 47
2 48
2 49
2 50
2 51
2 52
2 54
2 55
2 57
2 59
2 60
2 62
2 64
2 65
2 66
2 67
2 68
2 69
2 70
2 73
2 75
2 76
2 77
2 78
2 81
2 83
2 84
2 86
2 87
2 88
2 90
2 91
2 92
2 95
2 96
2 97
2 98
2 99
3 4
3 5
3 6
3 7
3 9
3 10
3 11
3 12
3 13
3 14
3 15
3 16
3 18
3 19
3 20
3 21
3 22
3 25
3 27
3 28
3 30
3 31
3 32
3 33
3 36
3 37
3 39
3 40
3 41
3 42
3 46
3 47
3 49
3 52
3 53
3 55
3 57
3 59
3 62
3 63
3 64
3 66
3 67
3 68
3 71
3 72
3 74
3 76
3 77
3 78
3 79
3 82
3 83
3 85
3 86
3 89
3 90
3 91
3 93
3 95
3 97
3 99
4 10
4 33
4 37
4 88
4 91
4 99
5 6
5 8
5 10
5 12
5 18
5 20
5 21
5 22
5 23
5 24
5 25
5 30
5 31
5 41
5 44
5 45
5 46
5 50
5 51
5 55
5 58
5 67
5 70
5 73
5 74
5 76
5 80
5 87
5 89
5 91
5 92
5 94
5 98
5 99
6 7
6 8
6 9
6 12
6 13
6 14
6 15
6 16
6 17
6 18
6 19
6 20
6 22
6 23
6 24
6 25
6 26
6 27
6 28
6 30
6 31
6 32
6 33
6 37
6 38
6 39
6 40
6 41
6 42
6 45
6 46
6 48
6 49
6 50
6 51
6 52
6 54
6 55
6 56
6 57
6 58
6 59
6 60
6 63
6 64
6 66
6 68
6 69
6 72
6 73
6 74
6 76
6 78
6 80
6 82
6 85
6 86
6 87
6 88
6 92
6 94
6 95
6 96
6 97
6 98
6 99
7 9
7 17
7 29
7 65
7 66
7 69
8 9
8 10
8 12
8 13
8 14
8 15
8 16
8 17
8 18
8 20
8 21
8 23
8 26
8 27
8 28
8 30
8 33
8 34
8 35
8 37
8 38
8 40
8 41
8 42
8 43
8 45
8 47
8 48
8 49
8 50
8 51
8 52
8 53
8 54
8 55
8 57
8 58
8 59
8 60
8 61
8 64
8 67
8 68
8 69
8 70
8 71
8 72
8 73
8 74
8 75
8 76
8 77
8 78
8 79
8 81
8 82
8 84
8 85
8 88
8 90
8 91
8 94
8 95
8 96
8 97
8 98
8 99
9 10
9 14
9 16
9 18
9 19
9 21
9 24
9 25
9 29
9 30
9 31
9 35
9 39
9 40
9 41
9 43
9 44
9 45
9 54
9 55
9 56
9 58
9 60
9 61
9 63
9 66
9 68
9 71
9 72
9 73
9 74
9 75
9 76
9 79
9 80
9 82
9 83
9 85
9 86
9 89
9 93
9 95
10 11
10 14
10 15
10 21
10 28
10 30
10 31
10 36
10 38
10 39
10 43
10 46
10 48
10 54
10 56
10 62
10 69
10 79
10 85
10 90
10 95
10 96
11 12
11 13
11 14
11 15
11 16
11 18
11 19
11 20
11 21
11 22
11 23
11 24
11 25
11 26
11 27
11 28
11 29
11 30
11 31
11 32
11 36
11 37
11 38
11 39
11 40
11 41
11 44
11 45
11 46
11 47
11 48
11 50
11 51
11 52
11 53
11 54
11 55
11 56
11 57
11 58
11 59
11 61
11 62
11 63
11 65
11 66
11 67
11 68
11 71
11 72
11 73
11 74
11 75
11 77
11 78
11 79
11 80
11 81
11 82
11 83
11 84
11 86
11 87
11 88
11 89
11 90
11 92
11 93
11 94
11 96
11 97
11 98
11 99
12 13
12 14
12 15
12 16
12 17
12 18
12 20
12 21
12 22
12 23
12 24
12 25
12 26
12 27
12 28
12 29
12 30
12 31
12 32
12 34
12 35
12 36
12 37
12 38
12 39
12 41
12 42
12 43
12 44
12 45
12 46
12 47
12 48
12 49
12 50
12 51
12 52
12 53
12 54
12 55
12 56
12 57
12 58
12 60
12 61
12 62
12 63
12 64
12 65
12 66
12 67
12 69
12 70
12 71
12 72
12 73
12 74
12 75
12 76
12 77
12 78
12 79
12 80
12 81
12 82
12 83
12 84
12 85
12 86
12 87
12 88
12 89
12 90
12 91
12 92
12 93
12 94
12 95
12 96
12 97
12 98
12 99
13 14
13 15
13 16
13 17
13 19
13 21
13 23
13 26
13 27
13 28
13 30
13 33
13 36
13 37
13 38
13 39
13 43
13 44
13 45
13 46
13 49
13 50
13 53
13 54
13 56
13 57
13 58
13 62
13 63
13 64
13 67
13 68
13 69
13 70
13 71
13 72
13 73
13 75
13 76
13 77
13 78
13 79
13 80
13 81
13 82
13 84
13 85
13 87
13 88
13 91
13 94
13 95
13 98
14 16
14 18
14 19
14 21
14 22
14 23
14 25
14 29
14 31
14 33
14 34
14 35
14 36
14 37
14 40
14 44
14 46
14 48
14 49
14 50
14 51
14 52
14 53
14 54
14 55
14 60
14 61
14 64
14 68
14 69
14 70
14 72
14 73
14 74
14 75
14 82
14 83
14 86
14 87
14 90
14 91
14 92
14 93
14 96
14 97
14 98
15 16
15 17
15 18
15 20
15 21
15 23
15 24
15 25
15 27
15 29
15 31
15 32
15 33
15 34
15 36
15 38
15 39
15 40
15 43
15 44
15 46
15 47
15 48
15 49
15 51
15 53
15 55
15 56
15 58
15 59
15 60
15 61
15 62
15 63
15 65
15 66
15 67
15 68
15 69
15 70
15 71
15 72
15 73
15 74
15 75
15 76
15 77
15 78
15 79
15 80
15 81
15 84
15 88
15 89
15 91
15 93
15 95
15 96
15 98
15 99
16 17
16 18
16 19
16 20
16 21
16 22
16 23
16 24
16 25
16 26
16 28
16 29
16 30
16 33
16 34
16 35
16 36
16 37
16 39
16 40
16 41
16 42
16 43
16 44
16 45
16 47
16 48
16 49
16 51
16 52
16 53
16 54
16 55
16 56
16 57
16 58
16 61
16 62
16 63
16 64
16 68
16 69
16 71
16 72
16 73
16 74
16 75
16 76
16 77
16 78
16 79
16 80
16 81
16 82
16 83
16 85
16 86
16 87
16 88
16 89
16 90
16 91
16 93
16 94
16 97
16 98
17 18
17 19
17 20
17 21
17 22
17 23
17 25
17 26
17 27
17 29
17 30
17 31
17 32
17 34
17 35
17 38
17 40
17 41
17 42
17 43
17 44
17 45
17 46
17 47
17 48
17 49
17 54
17 56
17 57
17 58
17 59
17 61
17 63
17 65
17 66
17 67
17 68
17 69
17 72
17 73
17 76
17 77
17 78
17 79
17 80
17 83
17 86
17 87
17 88
17 90
17 91
17 93
17 94
17 95
17 97
17 98
17 99
18 19
18 20
18 30
18 35
18 70
18 72
18 80
19 20
19 29
19 36
19 38
19 41
19 42
19 46
19 48
19 54
19 62
19 67
19 69
19 73
19 79
19 81
19 82
19 86
19 92
19 96
19 97
20 21
20 22
20 23
20 24
20 25
20 26
20 27
20 28
20 29
20 30
20 31
20 32
20 33
20 34
20 35
20 37
20 38
20 39
20 40
20 41
20 42
20 43
20 44
20 45
20 46
20 47
20 48
20 49
20 50
20 51
20 52
20 53
20 54
20 55
20 56
20 57
20 58
20 59
20 60
20 61
20 63
20 64
20 65
20 66
20 67
20 68
20 69
20 70
20 71
20 72
20 73
20 74
20 75
20 76
20 77
20 79
20 80
20 82
20 84
20 85
20 87
20 89
20 90
20 91
20 92
20 93
20 94
20 95
20 96
20 97
20 98
20 99
21 22
21 29
21 33
21 39
21 44
21 48
21 50
21 51
21 52
21 67
21 69
21 70
21 75
21 80
21 81
21 86
21 87
21 88
21 91
21 94
22 23
22 24
22 25
22 26
22 28
22 29
22 30
22 31
22 33
22 34
22 36
22 37
22 38
22 39
22 40
22 41
22 42
22 43
22 44
22 46
22 47
22 48
22 49
22 50
22 51
22 52
22 53
22 55
22 56
22 57
22 58
22 59
22 60
22 62
22 64
22 66
22 67
22 68
22 69
22 70
22 71
22 72
22 73
22 74
22 76
22 77
22 78
22 79
22 80
22 81
22 82
22 83
22 85
22 88
22 90
22 91
22 92
22 93
22 94
22 95
22 96
22 97
23 24
23 25
23 26
23 27
23 28
23 29
23 30
23 31
23 32
23 33
23 34
23 35
23 36
23 37
23 38
23 39
23 40
23 41
23 43
23 46
23 47
23 48
23 49
23 50
23 51
23 53
23 54
23 55
23 57
23 58
23 59
23 60
23 63
23 64
23 65
23 66
23 67
23 68
23 69
23 70
23 71
23 72
23 73
23 74
23 75
23 76
23 77
23 78
23 80
23 84
23 85
23 86
23 87
23 88
23 89
23 90
23 91
23 92
23 93
23 94
23 95
23 96
23 97
23 98
23 99
24 25
24 26
24 27
24 28
24 29
24 30
24 31
24 32
24 33
24 34
24 36
24 37
24 38
24 39
24 42
24 43
24 44
24 47
24 48
24 50
24 51
24 52
24 53
24 54
24 56
24 57
24 59
24 61
24 62
24 63
24 64
24 65
24 66
24 67
24 68
24 70
24 71
24 72
24 73
24 74
24 75
24 76
24 77
24 79
24 80
24 81
24 82
24 84
24 88
24 89
24 90
24 91
24 92
24 93
24 94
24 95
24 96
24 97
24 98
24 99
25 27
25 28
25 37
25 40
25 44
25 47
25 53
25 55
25 57
25 68
25 70
25 74
25 78
25 82
25 92
25 98
26 30
26 32
26 35
26 36
26 44
26 51
26 53
26 55
26 57
26 61
26 62
26 65
26 71
26 72
26 73
26 74
26 76
26 80
26 82
26 83
26 84
26 87
26 97
27 29
27 35
27 36
27 39
27 44
27 51
27 52
27 56
27 62
27 68
27 70
27 71
27 73
27 76
27 78
27 79
27 82
27 83
27 86
27 88
27 89
27 93
27 97
28 41
28 45
28 51
28 56
28 60
28 64
29 30
29 31
29 33
29 34
29 36
29 37
29 38
29 40
29 42
29 45
29 49
29 50
29 51
29 54
29 56
29 57
29 58
29 59
29 62
29 63
29 64
29 66
29 68
29 70
29 71
29 72
29 73
29 82
29 83
29 85
29 88
29 89
29 91
29 92
29 93
29 94
29 95
29 96
29 97
29 99
30 31
30 33
30 34
30 36
30 39
30 41
30 42
30 43
30 45
30 48
30 50
30 52
30 53
30 54
30 56
30 58
30 59
30 60
30 62
30 64
30 67
30 68
30 69
30 70
30 72
30 73
30 77
30 78
30 81
30 82
30 84
30 85
30 86
30 87
30 89
30 90
30 92
30 94
30 95
30 97
30 98
31 32
31 33
31 34
31 36
31 37
31 39
31 40
31 42
31 44
31 45
31 48
31 49
31 50
31 52
31 53
31 55
31 56
31 58
31 60
31 61
31 62
31 63
31 64
31 65
31 67
31 68
31 71
31 72
31 73
31 74
31 77
31 78
31 79
31 80
31 81
31 83
31 84
31 85
31 86
31 87
31 88
31 93
31 94
31 95
31 96
31 98
31 99
32 37
32 39
32 45
32 46
32 47
32 65
32 66
32 73
32 79
32 87
32 89
32 98
33 41
33 44
33 48
33 89
33 90
34 35
34 36
34 37
34 38
34 39
34 42
34 43
34 45
34 47
34 48
34 50
34 52
34 53
34 54
34 56
34 59
34 61
34 63
34 66
34 68
34 69
34 70
34 71
34 72
34 74
34 75
34 76
34 78
34 79
34 80
34 81
34 82
34 83
34 85
34 86
34 88
34 91
34 96
34 97
34 98
35 51
35 54
35 60
35 67
35 73
35 74
35 80
35 97
36 37
36 38
36 40
36 41
36 42
36 43
36 44
36 45
36 46
36 48
36 50
36 51
36 52
36 53
36 54
36 55
36 56
36 58
36 59
36 60
36 62
36 63
36 64
36 67
36 68
36 71
36 72
36 73
36 74
36 75
36 78
36 80
36 81
36 83
36 84
36 85
36 86
36 87
36 90
36 91
36 92
36 94
36 95
36 96
36 97
36 98
36 99
37 39
37 42
37 45
37 47
37 48
37 49
37 53
37 54
37 60
37 63
37 64
37 65
37 66
37 67
37 70
37 74
37 77
37 78
37 79
37 84
37 85
37 88
37 90
37 92
37 93
37 94
37 95
37 98
37 99
38 40
38 41
38 43
38 45
38 48
38 49
38 50
38 51
38 52
38 53
38 56
38 58
38 59
38 60
38 61
38 62
38 63
38 64
38 65
38 66
38 67
38 68
38 70
38 71
38 72
38 73
38 74
38 78
38 79
38 81
38 82
38 83
38 84
38 85
38 87
38 89
38 90
38 92
38 93
38 94
38 95
38 99
39 40
39 41
39 42
39 43
39 45
39 46
39 47
39 48
39 49
39 52
39 53
39 54
39 56
39 57
39 59
39 60
39 61
39 62
39 64
39 65
39 66
39 68
39 69
39 70
39 72
39 73
39 74
39 75
39 77
39 79
39 80
39 82
39 83
39 84
39 86
39 87
39 88
39 89
39 90
39 91
39 94
39 95
39 97
39 98
39 99
40 42
40 43
40 45
40 46
40 47
40 48
40 49
40 50
40 56
40 57
40 58
40 61
40 64
40 66
40 68
40 69
40 70
40 72
40 73
40 74
40 75
40 79
40 80
40 81
40 85
40 90
40 91
40 93
40 96
40 97
40 99
41 42
41 44
41 45
41 46
41 47
41 48
41 49
41 50
41 51
41 52
41 53
41 54
41 55
41 56
41 58
41 59
41 60
41 61
41 62
41 63
41 64
41 65
41 66
41 67
41 68
41 69
41 70
41 71
41 73
41 74
41 75
41 76
41 77
41 78
41 79
41 81
41 82
41 83
41 85
41 86
41 87
41 88
41 89
41 91
41 92
41 93
41 94
41 95
41 96
41 97
41 99
42 48
42 53
42 54
42 57
42 72
42 73
42 86
42 93
42 94
42 95
42 97
43 44
43 45
43 46
43 48
43 49
43 50
43 52
43 53
43 54
43 58
43 61
43 63
43 65
43 67
43 68
43 69
43 70
43 71
43 73
43 74
43 75
43 76
43 78
43 79
43 80
43 81
43 82
43 83
43 84
43 85
43 90
43 92
43 94
43 96
43 97
43 98
44 45
44 46
44 49
44 51
44 52
44 53
44 54
44 56
44 57
44 58
44 61
44 62
44 65
44 66
44 67
44 68
44 69
44 70
44 71
44 72
44 73
44 75
44 78
44 79
44 80
44 83
44 84
44 85
44 86
44 89
44 90
44 91
44 95
44 96
44 99
45 46
45 47
45 48
45 49
45 50
45 52
45 53
45 55
45 56
45 61
45 63
45 65
45 66
45 67
45 68
45 71
45 73
45 74
45 77
45 79
45 80
45 81
45 82
45 83
45 89
45 90
45 93
45 95
45 96
45 98
45 99
46 76
46 78
46 85
47 50
47 52
47 58
47 59
47 61
47 62
47 65
47 70
47 71
47 72
47 73
47 74
47 79
47 80
47 81
47 88
47 94
47 96
47 97
48 49
48 50
48 51
48 52
48 54
48 55
48 56
48 57
48 58
48 60
48 61
48 62
48 64
48 65
48 66
48 67
48 69
48 70
48 72
48 73
48 74
48 75
48 76
48 77
48 78
48 79
48 80
48 81
48 82
48 83
48 84
48 85
48 86
48 87
48 88
48 89
48 91
48 93
48 94
48 95
48 96
48 97
48 99
49 50
49 51
49 52
49 53
49 54
49 55
49 56
49 57
49 58
49 59
49 60
49 61
49 62
49 63
49 64
49 65
49 66
49 67
49 68
49 69
49 70
49 71
49 72
49 73
49 74
49 75
49 76
49 77
49 78
49 79
49 80
49 81
49 82
49 83
49 84
49 85
49 86
49 87
49 88
49 90
49 91
49 92
49 93
49 94
49 96
49 97
49 98
49 99
50 52
50 53
50 54
50 55
50 56
50 57
50 58
50 59
50 60
50 61
50 63
50 65
50 66
50 67
50 68
50 69
50 71
50 72
50 75
50 77
50 78
50 79
50 80
50 81
50 82
50 88
50 91
50 92
50 93
50 94
50 95
50 96
50 97
50 98
51 70
52 53
52 55
52 57
52 58
52 59
52 63
52 64
52 65
52 67
52 68
52 69
52 70
52 75
52 76
52 77
52 78
52 82
52 83
52 85
52 86
52 87
52 88
52 89
52 91
52 95
52 96
52 97
52 98
52 99
53 57
53 59
53 60
53 69
53 75
53 76
53 84
53 86
53 91
53 94
53 95
53 99
54 55
54 59
54 65
54 67
54 77
54 78
54 81
54 84
54 85
54 86
54 87
54 90
54 94
55 62
55 63
55 72
55 73
55 78
55 82
55 84
55 85
55 89
55 91
55 96
56 60
56 61
56 66
56 67
56 68
56 69
56 70
56 75
56 76
56 77
56 79
56 81
56 84
56 86
56 87
56 88
56 91
56 92
56 93
56 96
56 98
57 59
57 60
57 61
57 62
57 65
57 66
57 70
57 72
57 73
57 74
57 75
57 76
57 77
57 78
57 80
57 83
57 85
57 86
57 88
57 91
57 93
57 94
57 95
57 96
57 97
57 98
57 99
58 59
58 60
58 61
58 62
58 63
58 64
58 65
58 66
58 67
58 68
58 69
58 70
58 71
58 72
58 73
58 74
58 75
58 76
58 77
58 78
58 79
58 81
58 82
58 84
58 85
58 86
58 87
58 88
58 90
58 91
58 94
58 95
58 96
58 97
58 98
58 99
59 62
59 72
59 73
59 80
59 81
59 84
59 88
59 89
59 91
59 99
60 62
60 64
60 65
60 66
60 68
60 74
60 77
60 78
60 80
60 82
60 85
60 88
60 90
60 91
60 92
60 93
60 98
60 99
61 90
61 97
62 63
62 64
62 65
62 66
62 67
62 68
62 69
62 70
62 71
62 72
62 73
62 75
62 76
62 77
62 78
62 79
62 80
62 82
62 83
62 84
62 85
62 86
62 88
62 89
62 90
62 91
62 92
62 93
62 94
62 95
62 96
62 97
62 98
62 99
63 71
63 80
63 81
63 83
63 84
63 87
63 88
63 90
63 93
63 95
64 66
64 67
64 68
64 69
64 70
64 71
64 72
64 77
64 78
64 81
64 82
64 83
64 84
64 85
64 87
64 88
64 89
64 90
64 91
64 92
64 93
64 94
64 95
64 97
64 98
64 99
65 71
65 72
65 73
65 74
65 76
65 77
65 78
65 84
65 85
65 87
65 92
65 94
65 98
66 72
66 73
66 75
66 80
66 85
66 86
66 87
66 88
66 93
66 94
66 95
66 97
66 98
67 68
67 70
67 72
67 73
67 74
67 75
67 77
67 78
67 79
67 80
67 81
67 82
67 84
67 85
67 86
67 87
67 88
67 91
67 92
67 94
67 96
67 97
67 98
67 99
68 71
68 72
68 73
68 77
68 78
68 79
68 81
68 82
68 83
68 85
68 87
68 88
68 89
68 90
68 91
68 93
68 94
68 97
69 70
69 71
69 72
69 73
69 74
69 75
69 76
69 77
69 78
69 80
69 81
69 82
69 83
69 84
69 85
69 86
69 87
69 88
69 89
69 90
69 91
69 92
69 93
69 94
69 95
69 96
69 97
69 98
69 99
70 75
70 76
70 77
70 78
70 80
70 84
70 89
70 90
70 97
70 99
71 85
71 96
72 75
72 76
72 83
72 85
72 87
72 89
72 90
72 93
72 94
72 96
72 97
73 77
73 79
73 81
73 84
73 85
73 86
73 87
73 92
73 93
73 98
73 99
74 77
74 78
74 80
74 83
74 84
74 85
74 86
74 88
74 90
74 97
74 98
75 76
75 83
75 88
75 92
76 96
77 78
77 79
77 80
77 81
77 82
77 83
77 84
77 85
77 87
77 89
77 90
77 91
77 92
77 93
77 94
77 95
77 96
77 98
77 99
78 80
78 84
78 85
78 89
78 92
78 93
78 96
78 97
79 81
79 84
79 94
79 99
80 81
80 83
80 85
80 86
80 87
80 88
80 92
81 83
81 84
81 88
81 90
81 91
81 92
81 96
81 99
82 83
82 90
82 92
82 93
82 94
82 95
82 96
82 99
83 86
83 88
83 97
84 85
84 86
84 87
84 88
84 89
84 90
84 91
84 92
84 93
84 94
84 95
84 96
84 97
84 98
84 99
85 86
85 87
85 89
85 90
85 91
85 92
85 93
85 94
85 95
85 96
85 97
85 98
85 99
86 88
86 89
86 92
86 94
86 98
87 89
87 90
87 91
87 92
87 93
87 94
87 95
87 96
87 97
88 89
88 90
88 91
88 92
88 94
88 95
88 96
88 97
88 98
89 91
89 92
89 94
89 95
89 97
90 91
90 94
90 95
90 96
90 97
90 99
91 92
91 95
91 96
91 97
91 98
91 99
92 93
92 94
92 95
92 97
92 98
92 99
93 94
93 95
93 96
93 97
93 98
93 99
94 95
94 96
94 97
94 98
94 99
95 96
95 97
95 99
96 97
96 99
97 98
97 99
98 99
