0 1
0 3
0 4
0 5
0 6
0 7
0 9
0 11
0 12
0 15
0 16
0 17
0 20
0 22
0 23
0 24
0 25
0 26
0 27
0 28
0 29
0 30
0 31
0 32
0 34
0 35
0 36
0 37
0 38
0 39
0 40
0 41
0 43
0 45
0 46
0 49
0 52
0 54
0 56
0 57
0 58
0 60
0 61
0 62
0 63
0 64
0 65
0 66
0 68
0 69
0 70
0 72
0 73
0 74
0 75
0 76
0 77
0 78
0 79
0 80
0 81
0 83
0 85
0 86
0 87
0 88
0 89
0 90
0 91
0 92
0 93
0 95
0 96
0 97
0 98
1 3
1 4
1 5
1 6
1 7
1 8
1 9
1 10
1 11
1 14
1 15
1 16
1 17
1 18
1 20
1 21
1 22
1 23
1 24
1 25
1 26
1 27
1 28
1 29
1 30
1 32
1 33
1 34
1 35
1 36
1 38
1 40
1 41
1 42
1 43
1 44
1 45
1 46
1 47
1 50
1 51
1 52
1 53
1 54
1 55
1 57
1 59
1 61
1 62
1 63
1 65
1 67
1 68
1 69
1 70
1 72
1 74
1 75
1 76
1 77
1 79
1 80
1 81
1 82
1 84
1 86
1 87
1 88
1 89
1 90
1 91
1 92
1 93
1 94
1 95
1 97
1 98
1 99
2 3
2 4
2 5
2 6
2 7
2 9
2 10
2 11
2 13
2 14
2 15
2 17
2 18
2 19
2 20
2 21
2 22
2 23
2 25
2 26
2 27
2 28
2 29
2 30
2 32
2 33
2 34
2 35
2 36
2 37
2 38
2 39
2 40
2 41
2 42
2 43
2 44
2 45
2 46
2 47
2 48
2 49
2 50
2 52
2 53
2 54
2 55
2 56
2 57
2 58
2 59
2 60
2 61
2 62
2 64
2 65
2 66
2 67
2 68
2 69
2 71
2 72
2 73
2 74
2 75
2 76
2 77
2 79
2 80
2 81
2 82
2 83
2 84
2 85
2 86
2 87
2 88
2 89
2 90
2 91
2 92
2 93
2 94
2 95
2 96
2 97
2 99
3 16
3 27
3 33
3 40
3 59
3 75
3 89
4 5
4 6
4 7
4 8
4 9
4 10
4 11
4 12
4 13
4 14
4 15
4 16
4 17
4 18
4 19
4 20
4 21
4 22
4 23
4 24
4 25
4 26
4 27
4 28
4 29
4 30
4 31
4 32
4 33
4 34
4 35
4 36
4 37
4 38
4 40
4 41
4 42
4 43
4 44
4 45
4 46
4 47
4 48
4 49
4 50
4 51
4 52
4 53
4 54
4 55
4 57
4 58
4 59
4 60
4 61
4 62
4 63
4 64
4 65
4 66
4 67
4 68
4 69
4 70
4 71
4 72
4 73
4 74
4 75
4 76
4 77
4 78
4 79
4 80
4 81
4 82
4 83
4 84
4 85
4 86
4 87
4 88
4 89
4 90
4 91
4 92
4 93
4 94
4 95
4 96
4 97
4 98
4 99
5 6
5 7
5 8
5 9
5 10
5 11
5 15
5 17
5 23
5 24
5 27
5 30
5 36
5 39
5 47
5 54
5 60
5 62
5 63
5 65
5 66
5 79
5 86
5 87
5 93
5 95
5 98
5 99
6 10
6 13
6 19
6 22
6 32
6 36
6 37
6 39
6 41
6 45
6 48
6 52
6 55
6 56
6 61
6 63
6 67
6 68
6 72
6 73
6 75
6 76
6 80
6 81
6 85
6 86
6 87
6 90
6 91
6 98
7 8
7 9
7 10
7 11
7 12
7 13
7 14
7 15
7 17
7 19
7 20
7 21
7 22
7 28
7 29
7 31
7 32
7 34
7 35
7 36
7 37
7 39
7 40
7 41
7 42
7 43
7 44
7 46
7 47
7 48
7 49
7 51
7 52
7 53
7 54
7 55
7 57
7 60
7 61
7 62
7 63
7 64
7 65
7 67
7 68
7 70
7 71
7 73
7 74
7 75
7 76
7 78
7 80
7 81
7 83
7 85
7 87
7 88
7 89
7 94
7 95
7 96
7 97
7 98
7 99
8 9
8 10
8 11
8 13
8 14
8 15
8 16
8 17
8 18
8 19
8 20
8 21
8 22
8 23
8 24
8 25
8 27
8 28
8 30
8 31
8 33
8 34
8 35
8 36
8 39
8 40
8 41
8 42
8 43
8 44
8 45
8 46
8 47
8 48
8 49
8 52
8 53
8 54
8 55
8 56
8 57
8 59
8 60
8 61
8 62
8 64
8 65
8 66
8 67
8 69
8 70
8 72
8 73
8 75
8 76
8 78
8 79
8 81
8 83
8 84
8 85
8 86
8 87
8 88
8 89
8 90
8 94
8 95
8 96
9 13
9 50
9 66
9 68
9 74
9 81
9 91
9 93
10 14
10 38
10 51
10 54
10 62
10 69
10 79
10 86
10 93
11 31
11 60
11 61
11 72
11 83
11 93
12 13
12 15
12 16
12 17
12 18
12 20
12 21
12 23
12 24
12 25
12 27
12 29
12 30
12 34
12 35
12 37
12 38
12 39
12 41
12 42
12 43
12 44
12 45
12 46
12 47
12 50
12 52
12 53
12 54
12 55
12 56
12 57
12 58
12 59
12 60
12 61
12 62
12 63
12 64
12 65
12 66
12 67
12 68
12 69
12 71
12 72
12 74
12 75
12 79
12 80
12 81
12 82
12 83
12 84
12 86
12 87
12 89
12 90
12 92
12 93
12 95
12 96
12 97
12 99
13 18
13 19
13 21
13 27
13 28
13 31
13 32
13 36
13 39
13 42
13 44
13 49
13 53
13 58
13 64
13 65
13 67
13 68
13 70
13 71
13 72
13 81
13 87
13 90
13 91
13 93
13 98
14 23
14 41
14 48
14 50
14 61
14 77
14 80
14 94
15 16
15 18
15 23
15 24
15 25
15 27
15 30
15 33
15 34
15 35
15 36
15 39
15 40
15 41
15 43
15 44
15 45
15 46
15 48
15 52
15 53
15 54
15 56
15 58
15 61
15 65
15 67
15 68
15 69
15 72
15 73
15 74
15 75
15 76
15 78
15 79
15 80
15 82
15 84
15 85
15 86
15 87
15 88
15 90
15 91
15 92
15 94
15 98
15 99
16 17
16 18
16 19
16 20
16 21
16 22
16 24
16 25
16 27
16 28
16 29
16 30
16 31
16 32
16 33
16 34
16 35
16 36
16 37
16 38
16 40
16 41
16 42
16 43
16 44
16 45
16 47
16 48
16 49
16 50
16 51
16 52
16 53
16 54
16 55
16 57
16 58
16 59
16 60
16 61
16 62
16 63
16 64
16 65
16 66
16 68
16 69
16 71
16 72
16 73
16 74
16 75
16 76
16 77
16 78
16 80
16 81
16 82
16 83
16 84
16 85
16 86
16 87
16 88
16 89
16 90
16 91
16 92
16 93
16 94
16 96
16 97
16 98
16 99
17 18
17 20
17 21
17 22
17 25
17 27
17 28
17 29
17 32
17 35
17 36
17 37
17 40
17 41
17 42
17 44
17 47
17 49
17 50
17 51
17 52
17 53
17 55
17 56
17 57
17 58
17 59
17 60
17 61
17 63
17 64
17 66
17 67
17 75
17 76
17 77
17 79
17 80
17 81
17 82
17 83
17 84
17 89
17 93
17 95
17 96
17 97
18 19
18 20
18 21
18 22
18 24
18 25
18 26
18 27
18 29
18 30
18 32
18 33
18 35
18 40
18 41
18 42
18 44
18 45
18 46
18 47
18 48
18 50
18 51
18 52
18 53
18 54
18 55
18 57
18 58
18 59
18 60
18 61
18 62
18 65
18 70
18 71
18 72
18 73
18 74
18 75
18 76
18 81
18 84
18 85
18 86
18 88
18 92
18 93
18 94
18 95
18 96
19 20
19 21
19 25
19 27
19 30
19 32
19 36
19 37
19 38
19 39
19 40
19 42
19 43
19 45
19 47
19 49
19 50
19 52
19 53
19 54
19 56
19 58
19 62
19 63
19 67
19 68
19 69
19 72
19 73
19 75
19 78
19 79
19 80
19 81
19 82
19 86
19 88
19 90
19 91
19 92
19 93
19 95
19 99
20 22
20 23
20 26
20 28
20 30
20 32
20 35
20 37
20 41
20 42
20 48
20 54
20 57
20 61
20 63
20 69
20 70
20 84
20 92
20 93
20 94
20 96
20 98
21 23
22 26
22 29
22 31
22 32
22 44
22 48
22 50
22 54
22 56
22 59
22 62
22 66
22 78
22 80
22 84
22 85
22 86
22 87
22 90
22 92
22 93
23 27
23 30
23 31
23 32
23 34
23 36
23 41
23 46
23 48
23 49
23 50
23 51
23 52
23 54
23 55
23 56
23 57
23 60
23 64
23 65
23 67
23 68
23 69
23 70
23 71
23 72
23 73
23 77
23 81
23 82
23 83
23 84
23 85
23 86
23 87
23 89
23 95
23 97
23 99
24 25
24 26
24 27
24 28
24 29
24 30
24 31
24 32
24 33
24 34
24 35
24 36
24 37
24 38
24 39
24 41
24 42
24 43
24 45
24 46
24 47
24 48
24 49
24 50
24 51
24 52
24 53
24 54
24 55
24 56
24 57
24 58
24 60
24 61
24 63
24 64
24 65
24 66
24 67
24 68
24 69
24 70
24 71
24 72
24 73
24 74
24 75
24 76
24 77
24 79
24 80
24 81
24 82
24 83
24 84
24 85
24 86
24 87
24 88
24 89
24 90
24 91
24 92
24 93
24 94
24 95
24 96
24 97
24 98
24 99
25 26
25 27
25 28
25 29
25 32
25 34
25 36
25 37
25 38
25 40
25 41
25 42
25 43
25 44
25 46
25 47
25 48
25 50
25 53
25 55
25 56
25 57
25 58
25 59
25 61
25 62
25 64
25 65
25 66
25 69
25 70
25 71
25 73
25 74
25 75
25 78
25 79
25 81
25 82
25 83
25 84
25 85
25 86
25 87
25 88
25 89
25 90
25 91
25 92
25 93
25 96
25 98
25 99
26 37
26 77
26 79
26 87
27 29
27 32
27 35
27 37
27 38
27 42
27 45
27 46
27 49
27 52
27 53
27 54
27 55
27 56
27 57
27 58
27 59
27 61
27 62
27 63
27 64
27 65
27 66
27 67
27 68
27 69
27 72
27 73
27 74
27 75
27 76
27 78
27 79
27 80
27 81
27 83
27 85
27 86
27 87
27 88
27 89
27 91
27 92
27 94
27 95
27 98
27 99
28 29
28 30
28 31
28 32
28 33
28 34
28 35
28 36
28 37
28 38
28 40
28 41
28 42
28 43
28 44
28 45
28 46
28 47
28 51
28 52
28 53
28 54
28 55
28 56
28 57
28 58
28 59
28 60
28 61
28 62
28 63
28 64
28 66
28 67
28 68
28 69
28 70
28 71
28 72
28 73
28 74
28 75
28 76
28 78
28 79
28 80
28 82
28 83
28 84
28 85
28 86
28 88
28 89
28 90
28 91
28 92
28 93
28 94
28 95
28 96
28 97
28 98
28 99
29 31
29 34
29 37
29 52
29 54
29 59
29 61
29 68
29 74
30 31
30 32
30 33
30 34
30 35
30 36
30 38
30 39
30 40
30 41
30 43
30 44
30 46
30 47
30 48
30 49
30 53
30 54
30 55
30 56
30 58
30 59
30 60
30 61
30 62
30 63
30 64
30 65
30 66
30 67
30 68
30 71
30 72
30 73
30 74
30 75
30 76
30 77
30 79
30 80
30 81
30 82
30 83
30 84
30 85
30 86
30 87
30 88
30 89
30 90
30 91
30 92
30 93
30 94
30 95
30 96
30 97
30 99
31 74
31 81
32 35
32 36
32 39
32 43
32 47
32 48
32 49
32 57
32 62
32 68
32 69
32 71
32 80
32 86
32 87
32 88
32 92
32 96
32 99
33 34
33 35
33 36
33 37
33 39
33 40
33 41
33 42
33 43
33 44
33 45
33 46
33 48
33 49
33 51
33 52
33 53
33 54
33 57
33 60
33 61
33 62
33 64
33 66
33 67
33 68
33 69
33 70
33 71
33 72
33 74
33 77
33 78
33 79
33 80
33 82
33 83
33 84
33 85
33 86
33 87
33 89
33 91
33 93
33 95
33 96
33 98
33 99
34 36
34 39
34 40
34 46
34 47
34 51
34 54
34 56
34 57
34 58
34 61
34 78
34 92
34 95
35 36
35 37
35 38
35 39
35 40
35 41
35 42
35 43
35 45
35 46
35 47
35 49
35 50
35 57
35 59
35 60
35 66
35 70
35 74
35 75
35 76
35 78
35 79
35 80
35 83
35 84
35 85
35 86
35 87
35 89
35 90
35 91
35 92
35 93
35 94
35 95
35 97
35 98
35 99
36 37
36 38
36 39
36 40
36 41
36 42
36 43
36 44
36 45
36 46
36 47
36 48
36 49
36 50
36 51
36 52
36 53
36 54
36 55
36 56
36 57
36 58
36 59
36 60
36 61
36 62
36 63
36 64
36 65
36 66
36 67
36 68
36 69
36 71
36 72
36 73
36 74
36 75
36 76
36 77
36 79
36 80
36 81
36 82
36 83
36 84
36 85
36 86
36 87
36 88
36 89
36 90
36 91
36 92
36 93
36 94
36 95
36 96
36 97
36 98
36 99
37 39
37 42
37 43
37 46
37 47
37 48
37 49
37 52
37 57
37 58
37 64
37 68
37 71
37 72
37 74
37 79
37 81
37 85
37 90
37 91
37 92
37 95
37 96
38 50
38 55
38 61
38 62
38 65
38 71
38 82
38 86
38 91
38 93
38 95
38 96
39 40
39 43
39 44
39 47
39 49
39 51
39 52
39 54
39 56
39 57
39 59
39 60
39 61
39 62
39 63
39 64
39 65
39 68
39 70
39 72
39 73
39 75
39 78
39 80
39 82
39 83
39 87
39 91
39 92
39 93
39 94
39 95
39 96
39 98
40 42
40 44
40 45
40 46
40 48
40 49
40 52
40 54
40 55
40 56
40 59
40 62
40 63
40 65
40 66
40 69
40 75
40 76
40 79
40 81
40 82
40 85
40 88
40 89
40 91
40 95
41 42
41 43
41 44
41 45
41 47
41 48
41 49
41 50
41 51
41 52
41 53
41 55
41 57
41 60
41 61
41 62
41 63
41 64
41 65
41 66
41 67
41 68
41 69
41 70
41 71
41 72
41 73
41 74
41 75
41 76
41 77
41 78
41 79
41 80
41 81
41 82
41 83
41 84
41 85
41 86
41 87
41 89
41 90
41 92
41 93
41 94
41 95
41 97
41 98
41 99
42 43
42 47
42 49
42 50
42 52
42 54
42 55
42 56
42 58
42 59
42 61
42 62
42 63
42 67
42 69
42 71
42 74
42 78
42 81
42 83
42 84
42 85
42 88
42 90
42 93
42 96
42 97
42 99
43 46
43 48
43 49
43 51
43 54
43 56
43 58
43 59
43 61
43 62
43 64
43 66
43 67
43 70
43 76
43 77
43 79
43 82
43 83
43 84
43 85
43 86
43 87
43 89
43 91
43 93
43 98
44 54
44 55
44 56
44 58
44 62
44 63
44 64
44 68
44 75
44 77
44 78
44 80
44 84
44 87
44 89
44 98
45 49
45 52
45 53
45 61
45 66
45 69
45 70
45 74
45 83
45 91
45 99
46 47
46 49
46 52
46 55
46 59
46 60
46 62
46 64
46 70
46 72
46 75
46 76
46 77
46 78
46 79
46 80
46 82
46 85
46 86
46 89
46 90
46 91
46 93
46 94
46 96
46 97
46 98
47 48
47 49
47 50
47 54
47 56
47 57
47 58
47 59
47 61
47 62
47 63
47 64
47 67
47 68
47 69
47 71
47 73
47 75
47 77
47 79
47 81
47 83
47 84
47 87
47 90
47 91
47 92
47 94
47 95
47 98
48 51
48 60
48 70
48 73
48 75
48 79
48 80
48 82
48 86
48 95
49 51
49 55
49 72
49 86
49 97
50 55
50 59
50 61
50 63
50 67
50 70
50 73
50 74
50 75
50 76
50 77
50 81
50 85
50 87
50 89
50 92
50 93
50 96
50 99
51 52
51 53
51 56
51 57
51 59
51 60
51 62
51 63
51 64
51 67
51 71
51 72
51 73
51 74
51 75
51 76
51 77
51 78
51 79
51 80
51 81
51 82
51 83
51 84
51 85
51 86
51 87
51 88
51 92
51 93
51 94
51 95
51 97
51 98
51 99
52 59
52 62
52 64
52 66
52 81
52 85
52 87
52 95
52 96
52 97
52 98
53 54
53 55
53 56
53 62
53 63
53 66
53 67
53 69
53 71
53 73
53 75
53 76
53 79
53 82
53 83
53 85
53 88
53 90
53 94
53 96
53 97
54 55
54 58
54 59
54 60
54 62
54 64
54 65
54 72
54 76
54 79
54 83
54 85
54 86
54 90
54 99
55 56
55 59
55 62
55 64
55 66
55 68
55 81
55 86
55 90
55 99
56 93
57 58
57 59
57 60
57 61
57 62
57 66
57 68
57 70
57 71
57 74
57 76
57 78
57 79
57 80
57 81
57 84
57 85
57 86
57 87
57 88
57 91
57 92
57 96
57 97
57 98
57 99
58 59
58 60
58 61
58 63
58 64
58 65
58 66
58 67
58 68
58 69
58 71
58 72
58 73
58 74
58 75
58 76
58 77
58 78
58 79
58 80
58 81
58 82
58 83
58 84
58 85
58 86
58 87
58 88
58 89
58 90
58 91
58 92
58 93
58 94
58 95
58 96
58 97
58 98
58 99
59 64
59 69
59 70
59 73
59 75
59 76
59 78
59 82
59 83
59 85
59 87
59 88
59 90
59 93
59 96
59 98
59 99
60 61
60 62
60 63
60 65
60 67
60 72
60 76
60 78
60 79
60 82
60 85
60 88
60 89
60 96
60 99
61 62
61 64
61 65
61 67
61 68
61 70
61 71
61 75
61 76
61 77
61 81
61 82
61 83
61 84
61 86
61 87
61 88
61 89
61 90
61 94
61 97
61 99
62 63
62 74
62 75
62 92
62 95
62 96
62 98
63 64
63 67
63 68
63 70
63 71
63 72
63 74
63 75
63 76
63 78
63 80
63 82
63 83
63 85
63 86
63 89
63 91
63 93
63 95
63 99
64 65
64 67
64 68
64 70
64 71
64 72
64 74
64 77
64 78
64 81
64 82
64 83
64 84
64 85
64 87
64 89
64 90
64 92
64 93
64 94
64 95
64 98
65 66
65 76
66 77
66 79
66 85
66 86
66 87
66 88
66 97
67 68
67 69
67 70
67 71
67 72
67 73
67 74
67 76
67 77
67 78
67 79
67 80
67 81
67 82
67 84
67 85
67 86
67 87
67 88
67 91
67 92
67 93
67 94
67 95
67 96
67 97
67 98
67 99
68 69
68 70
68 71
68 72
68 73
68 76
68 79
68 81
68 83
68 84
68 85
68 87
68 88
68 90
68 91
68 92
68 93
68 94
68 95
68 97
68 98
69 73
69 76
69 86
69 95
70 73
70 76
70 82
70 83
70 89
70 90
70 94
70 98
71 74
71 78
71 80
71 85
71 94
72 76
72 77
72 80
72 81
72 86
73 74
73 75
73 76
73 77
73 78
73 79
73 80
73 81
73 82
73 83
73 84
73 85
73 86
73 87
73 88
73 89
73 90
73 91
73 92
73 93
73 94
73 95
73 96
73 97
73 98
73 99
74 78
74 86
74 89
74 90
74 94
74 96
74 97
75 76
75 78
75 80
75 81
75 83
75 84
75 85
75 86
75 87
75 88
75 90
75 91
75 92
75 93
75 94
75 96
75 97
75 98
76 79
76 87
76 99
77 80
77 82
78 79
78 80
78 81
78 82
78 83
78 84
78 85
78 86
78 87
78 88
78 89
78 90
78 91
78 92
78 93
78 94
78 96
78 97
78 98
78 99
79 80
79 81
79 86
79 87
79 88
79 89
79 91
79 93
79 95
79 96
79 97
80 85
80 88
80 91
81 99
82 84
82 85
82 89
82 91
82 95
82 96
82 97
82 98
83 91
84 91
85 86
85 87
85 90
85 92
85 93
85 94
85 97
85 99
86 89
87 88
87 89
87 90
87 91
87 92
87 93
87 94
87 95
87 96
87 97
87 98
87 99
88 91
88 92
88 93
88 94
88 95
88 96
89 97
89 98
89 99
90 91
90 93
90 94
90 95
90 96
90 97
90 98
90 99
91 93
91 94
91 95
91 98
92 93
92 94
92 95
92 96
92 97
93 94
93 95
93 96
93 98
94 96
95 98
95 99
96 98
97 98
98 99
