0 1
0 29
0 85
1 2
1 3
1 4
1 5
1 6
1 7
1 8
1 9
1 10
1 11
1 12
1 13
1 14
1 15
1 16
1 18
1 19
1 20
1 21
1 22
1 23
1 24
1 25
1 26
1 27
1 28
1 29
1 30
1 31
1 32
1 33
1 34
1 35
1 36
1 37
1 38
1 40
1 42
1 43
1 45
1 46
1 47
1 48
1 49
1 51
1 53
1 54
1 55
1 56
1 57
1 58
1 59
1 61
1 62
1 63
1 64
1 65
1 66
1 67
1 68
1 69
1 70
1 71
1 72
1 73
1 74
1 76
1 77
1 78
1 79
1 80
1 81
1 82
1 83
1 84
1 85
1 86
1 87
1 88
1 89
1 90
1 91
1 93
1 94
1 95
1 96
1 97
1 98
1 99
2 3
2 4
2 5
2 6
2 7
2 8
2 9
2 10
2 11
2 12
2 13
2 14
2 15
2 16
2 17
2 18
2 19
2 20
2 21
2 22
2 23
2 24
2 26
2 27
2 28
2 29
2 30
2 31
2 32
2 33
2 34
2 35
2 36
2 37
2 38
2 40
2 41
2 42
2 43
2 44
2 45
2 46
2 47
2 48
2 49
2 50
2 51
2 52
2 53
2 54
2 55
2 56
2 57
2 58
2 59
2 60
2 61
2 62
2 63
2 64
2 65
2 66
2 67
2 68
2 69
2 70
2 71
2 72
2 73
2 75
2 76
2 77
2 78
2 79
2 80
2 81
2 82
2 83
2 84
2 85
2 86
2 87
2 88
2 89
2 90
2 91
2 92
2 93
2 94
2 95
2 96
2 97
2 98
2 99
3 6
3 11
3 13
3 14
3 18
3 19
3 20
3 21
3 22
3 25
3 26
3 28
3 30
3 33
3 34
3 35
3 37
3 38
3 43
3 44
3 45
3 49
3 51
3 54
3 56
3 58
3 59
3 61
3 65
3 68
3 69
3 70
3 71
3 73
3 75
3 77
3 79
3 81
3 82
3 87
3 90
3 98
3 99
4 5
4 8
4 9
4 10
4 11
4 12
4 13
4 14
4 15
4 16
4 17
4 18
4 19
4 20
4 22
4 23
4 24
4 25
4 26
4 27
4 28
4 29
4 31
4 32
4 33
4 34
4 35
4 36
4 37
4 39
4 41
4 43
4 44
4 46
4 48
4 50
4 52
4 53
4 54
4 55
4 56
4 57
4 58
4 59
4 60
4 61
4 63
4 65
4 66
4 67
4 69
4 70
4 71
4 72
4 73
4 74
4 75
4 76
4 77
4 78
4 79
4 81
4 83
4 85
4 87
4 88
4 90
4 91
4 92
4 93
4 94
4 95
4 96
4 97
4 98
4 99
5 6
5 7
5 8
5 9
5 10
5 11
5 12
5 13
5 15
5 16
5 17
5 18
5 19
5 21
5 22
5 23
5 24
5 26
5 27
5 28
5 29
5 30
5 32
5 34
5 35
5 36
5 37
5 38
5 39
5 41
5 43
5 45
5 46
5 48
5 49
5 50
5 51
5 54
5 55
5 58
5 59
5 60
5 61
5 62
5 63
5 64
5 65
5 66
5 67
5 68
5 72
5 73
5 74
5 78
5 79
5 80
5 82
5 84
5 85
5 88
5 91
5 92
5 94
5 95
5 96
5 99
6 8
6 15
6 16
6 20
6 27
6 31
6 35
6 38
6 44
6 46
6 48
6 54
6 55
6 58
6 60
6 61
6 62
6 63
6 64
6 65
6 67
6 69
6 70
6 71
6 72
6 74
6 77
6 79
6 84
6 85
6 86
6 88
6 89
6 90
6 92
6 95
6 96
6 98
7 8
7 9
7 11
7 12
7 13
7 14
7 15
7 16
7 17
7 18
7 19
7 20
7 21
7 22
7 23
7 24
7 25
7 26
7 28
7 29
7 30
7 31
7 32
7 33
7 34
7 35
7 36
7 37
7 38
7 39
7 40
7 41
7 42
7 43
7 44
7 45
7 46
7 49
7 50
7 51
7 52
7 53
7 54
7 55
7 56
7 57
7 58
7 59
7 61
7 62
7 63
7 64
7 65
7 66
7 67
7 68
7 69
7 70
7 71
7 72
7 73
7 74
7 75
7 76
7 77
7 78
7 79
7 80
7 81
7 82
7 83
7 84
7 85
7 86
7 87
7 88
7 89
7 90
7 91
7 92
7 93
7 94
7 95
7 96
7 97
7 98
7 99
8 9
8 10
8 11
8 12
8 13
8 14
8 15
8 16
8 19
8 20
8 22
8 23
8 24
8 25
8 28
8 30
8 31
8 32
8 33
8 34
8 35
8 36
8 38
8 39
8 41
8 42
8 43
8 46
8 48
8 49
8 50
8 51
8 52
8 53
8 54
8 56
8 59
8 60
8 61
8 63
8 64
8 65
8 66
8 67
8 69
8 70
8 71
8 72
8 73
8 74
8 75
8 76
8 77
8 78
8 79
8 80
8 81
8 82
8 83
8 84
8 86
8 88
8 89
8 90
8 91
8 93
8 94
8 95
8 96
8 98
8 99
9 15
9 16
9 18
9 19
9 20
9 21
9 22
9 24
9 25
9 27
9 32
9 35
9 36
9 37
9 38
9 41
9 43
9 47
9 49
9 51
9 53
9 56
9 61
9 67
9 68
9 69
9 73
9 74
9 77
9 78
9 79
9 81
9 84
9 86
9 94
9 95
9 98
10 11
10 12
10 13
10 14
10 15
10 16
10 17
10 19
10 20
10 21
10 22
10 23
10 24
10 25
10 26
10 27
10 28
10 29
10 30
10 31
10 32
10 33
10 34
10 35
10 36
10 37
10 39
10 40
10 41
10 42
10 43
10 44
10 45
10 46
10 47
10 48
10 49
10 50
10 52
10 53
10 54
10 55
10 58
10 61
10 62
10 63
10 64
10 65
10 67
10 69
10 70
10 71
10 72
10 73
10 74
10 76
10 77
10 79
10 80
10 81
10 82
10 83
10 84
10 85
10 86
10 87
10 88
10 89
10 90
10 94
10 95
10 96
10 97
10 98
10 99
11 12
11 13
11 14
11 15
11 16
11 17
11 18
11 19
11 20
11 21
11 22
11 23
11 24
11 25
11 26
11 27
11 28
11 29
11 30
11 31
11 32
11 33
11 34
11 35
11 36
11 37
11 38
11 39
11 40
11 41
11 42
11 43
11 44
11 45
11 46
11 47
11 48
11 49
11 50
11 51
11 52
11 53
11 54
11 55
11 56
11 57
11 58
11 59
11 60
11 61
11 62
11 63
11 64
11 65
11 66
11 67
11 68
11 69
11 70
11 71
11 72
11 73
11 74
11 75
11 76
11 77
11 78
11 79
11 80
11 81
11 82
11 83
11 84
11 85
11 86
11 87
11 88
11 89
11 90
11 91
11 93
11 94
11 95
11 96
11 97
11 99
12 16
12 17
12 23
12 24
12 27
12 29
12 31
12 33
12 34
12 38
12 44
12 46
12 54
12 56
12 58
12 59
12 62
12 64
12 65
12 68
12 69
12 70
12 72
12 83
12 85
12 86
12 87
12 89
12 91
12 93
12 94
12 96
13 15
13 16
13 18
13 20
13 26
13 28
13 29
13 30
13 35
13 37
13 42
13 47
13 48
13 51
13 53
13 54
13 56
13 57
13 58
13 65
13 66
13 67
13 73
13 75
13 77
13 81
13 87
13 92
13 95
14 17
14 18
14 19
14 20
14 23
14 24
14 26
14 28
14 29
14 30
14 31
14 32
14 34
14 35
14 37
14 40
14 43
14 44
14 45
14 47
14 48
14 50
14 51
14 53
14 55
14 58
14 60
14 61
14 63
14 64
14 67
14 70
14 71
14 74
14 76
14 77
14 78
14 79
14 80
14 81
14 82
14 84
14 88
14 89
14 90
14 92
14 93
14 94
14 95
14 96
14 98
15 16
15 17
15 18
15 19
15 20
15 21
15 22
15 23
15 25
15 26
15 27
15 29
15 32
15 33
15 34
15 36
15 37
15 38
15 39
15 41
15 42
15 43
15 44
15 45
15 46
15 47
15 48
15 49
15 50
15 51
15 53
15 54
15 55
15 56
15 57
15 58
15 59
15 60
15 61
15 62
15 63
15 65
15 66
15 67
15 68
15 69
15 70
15 71
15 72
15 73
15 74
15 75
15 76
15 77
15 79
15 80
15 81
15 82
15 83
15 86
15 87
15 88
15 89
15 91
15 92
15 93
15 94
15 95
15 96
15 97
15 98
15 99
16 18
16 19
16 20
16 21
16 22
16 23
16 25
16 26
16 27
16 32
16 34
16 35
16 36
16 39
16 40
16 43
16 44
16 45
16 47
16 49
16 51
16 52
16 54
16 55
16 57
16 58
16 59
16 60
16 62
16 63
16 66
16 67
16 68
16 69
16 71
16 72
16 73
16 74
16 75
16 76
16 77
16 79
16 80
16 82
16 83
16 84
16 85
16 87
16 89
16 90
16 91
16 92
16 96
16 98
16 99
17 18
17 20
17 21
17 26
17 28
17 29
17 30
17 31
17 34
17 35
17 36
17 37
17 38
17 41
17 44
17 45
17 46
17 47
17 48
17 49
17 51
17 52
17 53
17 55
17 56
17 57
17 58
17 59
17 63
17 64
17 65
17 66
17 67
17 68
17 72
17 73
17 75
17 77
17 78
17 81
17 82
17 83
17 84
17 86
17 91
17 93
17 94
17 95
17 96
17 97
17 98
18 30
18 35
18 44
18 46
18 48
18 51
18 52
18 54
18 67
18 73
18 74
18 78
18 81
18 82
18 88
18 89
18 90
18 93
19 20
19 21
19 22
19 23
19 24
19 25
19 26
19 27
19 28
19 29
19 30
19 31
19 32
19 33
19 34
19 35
19 36
19 37
19 38
19 39
19 40
19 41
19 42
19 43
19 44
19 45
19 46
19 47
19 48
19 49
19 50
19 51
19 52
19 53
19 54
19 55
19 56
19 57
19 58
19 59
19 60
19 61
19 62
19 63
19 64
19 65
19 66
19 67
19 69
19 70
19 71
19 72
19 73
19 74
19 75
19 76
19 77
19 78
19 79
19 80
19 81
19 82
19 83
19 84
19 85
19 86
19 87
19 88
19 89
19 90
19 91
19 92
19 93
19 94
19 95
19 96
19 97
19 98
20 24
20 25
20 34
20 42
20 49
20 53
20 63
20 74
20 75
20 78
20 82
20 84
20 86
20 87
20 91
20 96
21 22
21 26
21 54
21 58
21 67
21 72
21 73
21 75
21 88
21 99
22 25
22 26
22 27
22 45
22 46
22 47
22 55
22 61
22 62
22 71
22 87
22 88
22 98
23 24
23 25
23 26
23 27
23 28
23 29
23 30
23 31
23 32
23 33
23 34
23 35
23 36
23 37
23 38
23 39
23 40
23 41
23 42
23 43
23 44
23 45
23 46
23 47
23 49
23 50
23 51
23 52
23 53
23 54
23 55
23 56
23 57
23 58
23 59
23 60
23 61
23 62
23 63
23 65
23 66
23 67
23 68
23 69
23 70
23 71
23 72
23 73
23 74
23 75
23 76
23 77
23 78
23 79
23 81
23 82
23 83
23 84
23 85
23 86
23 87
23 88
23 89
23 90
23 91
23 92
23 93
23 94
23 95
23 96
23 97
23 98
23 99
24 25
24 26
24 29
24 30
24 31
24 32
24 33
24 34
24 35
24 37
24 38
24 39
24 40
24 41
24 42
24 44
24 45
24 46
24 47
24 48
24 49
24 50
24 51
24 52
24 53
24 54
24 55
24 59
24 60
24 62
24 64
24 65
24 66
24 67
24 68
24 69
24 70
24 71
24 72
24 73
24 74
24 75
24 76
24 77
24 80
24 81
24 84
24 85
24 86
24 87
24 88
24 89
24 90
24 91
24 92
24 93
24 94
24 95
24 96
24 97
24 98
24 99
25 32
25 38
25 41
25 42
25 46
25 49
25 51
25 53
25 54
25 58
25 59
25 64
25 84
25 90
25 92
26 27
26 28
26 29
26 30
26 31
26 32
26 33
26 35
26 37
26 38
26 39
26 40
26 41
26 43
26 44
26 45
26 46
26 47
26 48
26 49
26 50
26 51
26 52
26 53
26 54
26 55
26 56
26 57
26 58
26 59
26 60
26 61
26 62
26 63
26 64
26 65
26 66
26 67
26 68
26 69
26 70
26 71
26 72
26 73
26 74
26 75
26 76
26 77
26 78
26 79
26 80
26 81
26 82
26 83
26 86
26 87
26 88
26 89
26 90
26 91
26 92
26 93
26 95
26 96
26 97
26 99
27 28
27 29
27 30
27 31
27 32
27 33
27 34
27 35
27 36
27 37
27 38
27 39
27 40
27 41
27 42
27 43
27 44
27 45
27 46
27 47
27 48
27 49
27 50
27 51
27 52
27 53
27 54
27 55
27 56
27 57
27 58
27 59
27 60
27 61
27 62
27 63
27 64
27 65
27 66
27 67
27 68
27 69
27 70
27 71
27 72
27 73
27 74
27 75
27 76
27 77
27 78
27 79
27 80
27 81
27 82
27 83
27 84
27 85
27 86
27 87
27 89
27 90
27 91
27 92
27 93
27 94
27 95
27 96
27 97
27 98
27 99
28 29
28 30
28 31
28 32
28 34
28 35
28 36
28 37
28 38
28 39
28 40
28 42
28 44
28 45
28 46
28 48
28 49
28 50
28 51
28 52
28 53
28 54
28 55
28 56
28 57
28 58
28 60
28 61
28 62
28 63
28 64
28 65
28 66
28 67
28 68
28 69
28 70
28 71
28 72
28 73
28 74
28 75
28 76
28 77
28 79
28 80
28 81
28 82
28 83
28 85
28 86
28 87
28 89
28 90
28 91
28 92
28 93
28 94
28 95
28 96
28 97
28 99
29 31
29 34
29 43
29 48
29 54
29 58
29 67
29 69
29 83
29 89
29 94
30 32
30 34
30 36
30 37
30 44
30 46
30 48
30 54
30 56
30 64
30 67
30 69
30 78
30 80
30 83
30 84
30 85
30 87
30 94
30 95
30 96
31 32
31 33
31 34
31 35
31 36
31 37
31 38
31 42
31 43
31 44
31 45
31 46
31 47
31 48
31 50
31 51
31 52
31 53
31 56
31 57
31 59
31 60
31 61
31 62
31 64
31 65
31 66
31 67
31 68
31 71
31 72
31 73
31 74
31 75
31 76
31 77
31 78
31 79
31 82
31 83
31 84
31 85
31 86
31 87
31 88
31 89
31 90
31 91
31 92
31 93
31 94
31 95
31 96
31 98
31 99
32 33
32 34
32 37
32 38
32 40
32 41
32 42
32 43
32 44
32 45
32 46
32 47
32 48
32 49
32 50
32 51
32 52
32 53
32 54
32 55
32 56
32 57
32 58
32 59
32 60
32 61
32 62
32 63
32 64
32 66
32 67
32 68
32 69
32 70
32 71
32 72
32 73
32 74
32 75
32 76
32 77
32 79
32 80
32 81
32 82
32 83
32 86
32 87
32 88
32 89
32 90
32 91
32 92
32 93
32 94
32 95
32 97
32 98
32 99
33 38
33 46
33 50
33 72
33 74
33 83
33 85
34 35
34 36
34 38
34 39
34 40
34 41
34 42
34 43
34 44
34 48
34 50
34 52
34 55
34 56
34 58
34 59
34 61
34 62
34 65
34 67
34 70
34 71
34 72
34 73
34 75
34 78
34 79
34 80
34 82
34 83
34 84
34 85
34 87
34 88
34 89
34 92
35 52
35 65
35 76
35 77
35 81
35 86
35 87
35 92
35 93
35 94
36 39
36 40
36 45
36 55
36 56
36 64
36 74
36 76
36 83
36 89
36 95
37 38
37 39
37 40
37 41
37 42
37 43
37 44
37 45
37 46
37 47
37 48
37 49
37 50
37 51
37 52
37 54
37 55
37 57
37 58
37 60
37 61
37 62
37 64
37 66
37 67
37 68
37 69
37 70
37 71
37 72
37 73
37 74
37 75
37 76
37 77
37 78
37 79
37 80
37 81
37 82
37 83
37 84
37 85
37 86
37 87
37 88
37 89
37 91
37 92
37 93
37 94
37 95
37 96
37 99
38 39
38 40
38 41
38 42
38 44
38 45
38 46
38 47
38 48
38 49
38 51
38 52
38 53
38 54
38 55
38 58
38 60
38 62
38 63
38 64
38 65
38 66
38 67
38 69
38 70
38 71
38 73
38 74
38 75
38 78
38 79
38 82
38 83
38 84
38 86
38 87
38 88
38 90
38 93
38 94
38 96
38 97
38 98
38 99
39 41
39 42
39 43
39 48
39 49
39 50
39 51
39 53
39 55
39 56
39 57
39 58
39 59
39 60
39 63
39 65
39 67
39 68
39 72
39 73
39 74
39 75
39 79
39 80
39 83
39 89
39 93
39 94
39 95
39 98
40 42
40 49
40 61
40 62
40 63
40 64
40 67
40 72
40 74
40 75
40 79
40 90
40 91
40 92
40 97
41 42
41 43
41 44
41 45
41 46
41 47
41 48
41 49
41 50
41 51
41 52
41 53
41 54
41 55
41 56
41 57
41 58
41 60
41 61
41 62
41 63
41 64
41 65
41 66
41 68
41 69
41 70
41 71
41 72
41 73
41 74
41 75
41 76
41 77
41 78
41 79
41 80
41 81
41 82
41 85
41 86
41 87
41 88
41 89
41 90
41 91
41 92
41 93
41 94
41 95
41 96
41 97
41 98
41 99
42 44
42 45
42 46
42 47
42 48
42 49
42 50
42 51
42 52
42 53
42 54
42 55
42 56
42 57
42 58
42 59
42 60
42 61
42 62
42 63
42 64
42 65
42 66
42 67
42 68
42 69
42 70
42 71
42 72
42 73
42 74
42 75
42 76
42 78
42 79
42 80
42 81
42 83
42 84
42 85
42 86
42 87
42 88
42 89
42 90
42 91
42 92
42 93
42 94
42 95
42 96
42 97
42 98
42 99
43 45
43 46
43 49
43 50
43 51
43 52
43 53
43 54
43 56
43 57
43 58
43 59
43 60
43 61
43 65
43 66
43 67
43 69
43 76
43 80
43 82
43 84
43 85
43 86
43 87
43 88
43 89
43 94
43 95
43 96
43 97
43 98
43 99
44 49
44 52
44 56
44 62
44 66
44 67
44 68
44 71
44 73
44 74
44 75
44 77
44 78
44 79
44 83
44 84
44 85
44 91
44 94
44 96
44 98
45 53
45 54
45 63
45 65
45 66
45 68
45 71
45 77
45 78
45 81
45 82
45 83
45 86
45 87
45 91
45 93
45 95
45 97
45 98
46 60
46 61
46 62
46 63
46 64
46 65
46 69
46 71
46 72
46 73
46 77
46 81
46 82
46 84
46 86
46 87
46 89
46 91
46 92
46 96
46 98
47 48
47 49
47 53
47 55
47 68
47 69
47 71
47 72
47 76
47 80
47 81
47 82
47 83
47 85
47 88
47 89
47 91
47 92
47 98
48 49
48 50
48 51
48 53
48 56
48 58
48 59
48 62
48 63
48 64
48 65
48 66
48 67
48 68
48 69
48 70
48 71
48 74
48 75
48 76
48 77
48 78
48 79
48 80
48 81
48 82
48 83
48 84
48 85
48 87
48 89
48 90
48 91
48 93
48 94
48 96
48 97
49 50
49 51
49 52
49 53
49 54
49 55
49 56
49 57
49 58
49 59
49 60
49 61
49 62
49 63
49 64
49 65
49 66
49 67
49 68
49 69
49 70
49 71
49 72
49 73
49 74
49 75
49 76
49 77
49 78
49 79
49 80
49 81
49 82
49 83
49 84
49 85
49 86
49 87
49 88
49 89
49 90
49 91
49 92
49 93
49 94
49 96
49 97
49 98
49 99
50 62
50 75
50 81
50 92
51 52
51 53
51 64
51 66
51 67
51 73
51 76
51 77
51 85
51 88
51 90
51 91
51 92
51 94
52 53
52 56
52 57
52 59
52 61
52 63
52 64
52 65
52 66
52 70
52 71
52 72
52 73
52 76
52 79
52 81
52 84
52 85
52 86
52 87
52 88
52 89
52 92
52 97
52 98
52 99
53 56
53 57
53 61
53 64
53 67
53 69
53 71
53 72
53 73
53 75
53 80
53 84
53 87
53 93
53 94
53 95
54 55
54 56
54 57
54 58
54 59
54 60
54 61
54 62
54 63
54 64
54 66
54 67
54 69
54 70
54 71
54 73
54 75
54 77
54 78
54 79
54 80
54 81
54 82
54 83
54 86
54 88
54 90
54 92
54 93
54 94
54 95
54 97
54 99
55 56
55 57
55 58
55 59
55 60
55 62
55 63
55 64
55 65
55 66
55 67
55 68
55 69
55 70
55 72
55 73
55 74
55 75
55 76
55 77
55 78
55 79
55 80
55 81
55 82
55 83
55 84
55 85
55 86
55 87
55 88
55 89
55 90
55 91
55 93
55 94
55 95
55 96
55 97
55 98
56 57
56 58
56 59
56 60
56 61
56 62
56 63
56 65
56 66
56 68
56 69
56 71
56 73
56 74
56 75
56 76
56 77
56 78
56 79
56 83
56 85
56 87
56 88
56 89
56 90
56 92
56 93
56 95
56 96
56 97
56 98
56 99
57 60
57 62
57 64
57 67
57 69
57 71
57 72
57 73
57 74
57 75
57 77
57 78
57 80
57 81
57 82
57 84
57 87
57 91
57 92
57 93
57 94
57 96
57 97
58 62
58 63
58 67
58 72
58 79
58 81
58 86
58 89
58 97
58 98
58 99
59 62
59 63
59 64
59 65
59 66
59 67
59 69
59 70
59 71
59 73
59 74
59 80
59 81
59 84
59 86
59 87
59 90
59 92
59 95
59 99
60 61
60 62
60 64
60 66
60 67
60 68
60 70
60 71
60 73
60 74
60 78
60 86
60 87
60 89
60 90
60 92
60 93
60 94
60 95
60 96
60 97
60 99
61 63
61 64
61 67
61 70
61 72
61 73
61 76
61 77
61 80
61 82
61 87
61 88
61 89
61 90
61 93
61 97
61 98
61 99
62 66
62 67
62 71
62 76
62 77
62 78
62 85
62 86
62 87
62 88
62 93
62 94
62 96
63 64
64 65
64 68
64 69
64 72
64 74
64 76
64 78
64 79
64 82
64 83
64 84
64 86
64 88
64 89
64 90
64 93
65 66
65 69
65 72
65 75
65 77
65 82
65 83
65 85
65 86
65 88
65 90
65 91
65 92
65 93
65 97
65 98
66 67
66 70
66 71
66 76
66 84
66 89
66 95
67 68
67 69
67 70
67 74
67 75
67 78
67 79
67 80
67 81
67 82
67 84
67 85
67 89
67 91
67 95
67 96
67 98
68 96
68 99
69 70
69 72
69 74
69 75
69 76
69 77
69 80
69 81
69 82
69 85
69 86
69 87
69 88
69 89
69 90
69 91
69 92
69 93
69 94
69 95
69 96
69 97
69 98
70 73
70 75
70 76
70 77
70 80
70 81
70 82
70 84
70 86
70 90
70 91
70 92
70 97
71 73
71 74
71 80
71 83
71 88
71 89
71 91
71 94
71 97
71 98
72 75
72 82
72 88
72 94
73 74
73 76
73 81
73 82
73 85
73 86
73 87
73 88
73 89
73 91
73 92
73 93
73 95
73 96
73 98
73 99
74 77
74 83
74 86
74 87
74 88
74 91
74 93
75 81
75 82
75 86
75 99
76 77
76 78
76 79
76 80
76 81
76 82
76 83
76 84
76 85
76 86
76 87
76 90
76 91
76 92
76 94
76 95
76 98
76 99
77 78
77 79
77 85
77 86
77 87
77 88
77 89
77 90
77 91
77 92
77 93
77 94
77 95
77 96
77 97
77 98
77 99
78 79
78 81
78 82
78 83
78 84
78 86
78 90
78 93
78 94
79 82
79 83
79 84
79 86
79 87
79 89
79 91
79 92
79 93
79 94
79 95
79 96
79 97
79 98
79 99
80 81
80 82
80 86
80 87
80 92
80 93
80 96
80 97
80 98
81 83
81 84
81 86
81 87
81 89
81 91
81 92
81 94
81 96
81 97
82 83
82 85
82 92
82 93
82 96
82 97
83 84
83 85
83 86
83 87
83 88
83 89
83 90
83 91
83 93
83 94
83 95
83 97
83 98
83 99
84 86
84 87
84 89
84 90
84 92
84 94
84 97
84 98
84 99
85 88
85 89
85 90
85 91
85 95
86 95
86 99
87 88
87 89
87 90
87 91
87 92
87 93
87 94
87 97
87 98
87 99
88 89
88 92
88 95
88 96
88 97
88 98
89 90
89 91
89 92
89 94
89 95
89 97
89 98
90 92
90 94
90 95
90 96
90 97
90 98
90 99
91 92
91 93
91 94
91 95
91 96
91 97
91 98
91 99
92 95
92 96
92 97
92 99
93 96
93 97
93 99
94 95
94 96
94 98
94 99
95 97
96 97
96 98
97 99
98 99
