0 2
0 3
0 5
0 7
0 8
0 9
0 10
0 11
0 13
0 14
0 15
0 18
0 20
0 21
0 24
0 25
0 26
0 28
0 29
0 32
0 33
0 35
0 37
0 38
0 39
0 43
0 47
0 48
0 49
0 50
0 52
0 53
0 54
0 55
0 60
0 64
0 65
0 66
0 67
0 70
0 71
0 74
0 75
0 76
0 77
0 78
0 79
0 83
0 84
0 85
0 87
0 90
0 91
0 92
0 93
0 95
0 96
0 98
0 99
1 5
1 11
1 13
1 14
1 15
1 21
1 22
1 33
1 40
1 42
1 44
1 54
1 67
1 92
1 93
1 96
2 3
2 4
2 5
2 7
2 9
2 11
2 14
2 15
2 21
2 22
2 23
2 24
2 26
2 27
2 30
2 34
2 37
2 39
2 40
2 42
2 45
2 48
2 49
2 51
2 53
2 55
2 57
2 60
2 62
2 64
2 67
2 68
2 70
2 71
2 73
2 74
2 78
2 83
2 86
2 88
2 95
2 99
3 4
3 8
3 9
3 11
3 12
3 13
3 16
3 18
3 19
3 21
3 22
3 23
3 24
3 28
3 29
3 30
3 31
3 35
3 36
3 37
3 39
3 40
3 43
3 45
3 46
3 47
3 48
3 50
3 52
3 53
3 54
3 57
3 59
3 61
3 63
3 64
3 65
3 66
3 68
3 72
3 74
3 79
3 80
3 81
3 83
3 84
3 86
3 88
3 89
3 90
3 92
3 94
3 95
3 96
3 99
4 7
4 9
4 10
4 12
4 13
4 15
4 16
4 17
4 19
4 21
4 23
4 25
4 26
4 27
4 28
4 30
4 33
4 34
4 38
4 40
4 43
4 44
4 45
4 46
4 47
4 48
4 52
4 54
4 56
4 58
4 63
4 65
4 66
4 71
4 75
4 78
4 84
4 87
4 88
4 93
4 95
4 96
4 97
4 98
4 99
5 6
5 7
5 8
5 9
5 10
5 11
5 12
5 13
5 14
5 15
5 16
5 17
5 18
5 19
5 20
5 21
5 22
5 23
5 24
5 25
5 26
5 27
5 28
5 29
5 30
5 31
5 32
5 33
5 34
5 35
5 36
5 37
5 38
5 39
5 40
5 41
5 42
5 43
5 44
5 45
5 46
5 47
5 48
5 49
5 50
5 51
5 52
5 53
5 54
5 55
5 56
5 57
5 58
5 59
5 60
5 61
5 62
5 63
5 64
5 65
5 66
5 67
5 68
5 69
5 70
5 71
5 72
5 73
5 74
5 75
5 76
5 77
5 78
5 79
5 80
5 81
5 82
5 83
5 84
5 85
5 86
5 87
5 88
5 89
5 90
5 91
5 92
5 93
5 94
5 95
5 96
5 97
5 98
5 99
6 8
6 16
6 17
6 18
6 21
6 26
6 28
6 31
6 32
6 40
6 58
6 61
6 63
6 64
6 67
6 72
6 73
6 78
6 79
6 83
6 84
6 87
6 89
6 90
6 94
6 99
7 13
7 16
7 20
7 22
7 25
7 30
7 35
7 42
7 43
7 48
7 51
7 52
7 54
7 59
7 64
7 65
7 68
7 71
7 74
7 83
7 85
7 87
7 90
7 98
8 11
8 14
8 15
8 16
8 17
8 18
8 19
8 22
8 24
8 25
8 27
8 28
8 29
8 31
8 34
8 37
8 38
8 40
8 41
8 43
8 44
8 49
8 50
8 52
8 53
8 54
8 55
8 58
8 59
8 61
8 62
8 64
8 67
8 71
8 72
8 73
8 74
8 76
8 77
8 78
8 79
8 80
8 81
8 82
8 84
8 86
8 89
8 90
8 91
8 94
8 95
9 15
9 17
9 20
9 28
9 29
9 30
9 32
9 37
9 38
9 43
9 44
9 49
9 59
9 60
9 61
9 62
9 78
9 84
9 95
9 98
9 99
10 11
10 13
10 14
10 15
10 17
10 23
10 25
10 26
10 29
10 30
10 31
10 35
10 37
10 42
10 43
10 52
10 54
10 59
10 62
10 69
10 70
10 78
10 83
10 84
10 87
10 92
11 14
11 15
11 16
11 20
11 22
11 23
11 24
11 25
11 27
11 28
11 31
11 32
11 33
11 34
11 35
11 36
11 38
11 39
11 42
11 44
11 45
11 50
11 51
11 52
11 53
11 55
11 56
11 60
11 62
11 64
11 65
11 66
11 67
11 68
11 69
11 72
11 75
11 77
11 78
11 79
11 81
11 86
11 89
11 92
11 93
11 96
11 97
11 98
12 14
12 15
12 18
12 21
12 22
12 23
12 25
12 26
12 28
12 30
12 33
12 34
12 35
12 37
12 40
12 43
12 44
12 45
12 46
12 47
12 48
12 50
12 51
12 52
12 53
12 55
12 56
12 58
12 59
12 61
12 62
12 63
12 64
12 68
12 70
12 72
12 74
12 75
12 76
12 77
12 78
12 79
12 80
12 82
12 84
12 87
12 89
12 90
12 91
12 92
12 94
12 95
12 96
12 99
13 14
13 15
13 16
13 17
13 18
13 20
13 21
13 23
13 24
13 25
13 26
13 27
13 29
13 31
13 32
13 33
13 34
13 35
13 36
13 38
13 39
13 42
13 43
13 44
13 45
13 46
13 47
13 50
13 53
13 54
13 56
13 57
13 58
13 59
13 60
13 61
13 62
13 63
13 65
13 66
13 71
13 72
13 73
13 74
13 75
13 76
13 79
13 80
13 81
13 83
13 84
13 86
13 87
13 88
13 90
13 91
13 92
13 93
13 94
13 96
13 97
13 98
14 15
14 16
14 18
14 21
14 22
14 24
14 25
14 26
14 28
14 29
14 31
14 34
14 35
14 36
14 39
14 40
14 41
14 42
14 43
14 44
14 45
14 49
14 52
14 53
14 54
14 56
14 58
14 59
14 61
14 63
14 64
14 65
14 67
14 68
14 69
14 70
14 71
14 72
14 73
14 74
14 75
14 78
14 82
14 83
14 84
14 86
14 87
14 88
14 89
14 90
14 98
15 16
15 17
15 18
15 19
15 22
15 24
15 25
15 26
15 27
15 28
15 30
15 34
15 35
15 36
15 37
15 38
15 39
15 40
15 42
15 46
15 47
15 48
15 50
15 51
15 54
15 55
15 57
15 59
15 60
15 61
15 62
15 63
15 69
15 70
15 71
15 72
15 73
15 74
15 75
15 76
15 78
15 80
15 83
15 84
15 85
15 86
15 89
15 92
15 95
15 96
15 97
15 98
16 18
16 20
16 23
16 24
16 28
16 29
16 34
16 35
16 36
16 37
16 38
16 42
16 44
16 47
16 49
16 50
16 53
16 54
16 58
16 60
16 61
16 64
16 65
16 67
16 69
16 70
16 72
16 73
16 74
16 76
16 78
16 79
16 81
16 82
16 85
16 92
16 93
16 95
16 96
16 97
16 98
16 99
17 19
17 28
17 31
17 43
17 69
17 73
18 19
18 20
18 25
18 27
18 28
18 29
18 30
18 32
18 33
18 34
18 37
18 39
18 40
18 41
18 42
18 43
18 44
18 45
18 46
18 47
18 48
18 49
18 50
18 51
18 52
18 53
18 54
18 56
18 59
18 60
18 61
18 62
18 65
18 66
18 67
18 68
18 69
18 70
18 71
18 72
18 74
18 75
18 76
18 77
18 78
18 79
18 80
18 81
18 82
18 83
18 84
18 85
18 86
18 89
18 92
18 93
18 94
18 95
18 96
18 97
19 21
19 32
19 34
19 38
19 41
19 42
19 44
19 46
19 55
19 62
19 63
19 66
19 80
19 84
19 86
19 95
20 21
20 22
20 23
20 25
20 29
20 32
20 33
20 35
20 36
20 38
20 39
20 40
20 42
20 43
20 45
20 47
20 48
20 49
20 51
20 54
20 55
20 56
20 57
20 59
20 60
20 61
20 62
20 63
20 64
20 65
20 67
20 68
20 69
20 70
20 72
20 73
20 74
20 75
20 76
20 78
20 79
20 80
20 83
20 84
20 85
20 87
20 88
20 91
20 92
20 93
20 95
20 96
20 98
21 25
21 28
21 32
21 34
21 37
21 39
21 45
21 49
21 50
21 56
21 57
21 58
21 60
21 63
21 66
21 67
21 70
21 71
21 72
21 73
21 75
21 78
21 80
21 81
21 88
21 89
21 90
21 91
21 94
21 98
21 99
22 25
22 29
22 32
22 33
22 34
22 35
22 37
22 38
22 46
22 47
22 50
22 51
22 56
22 57
22 63
22 64
22 68
22 74
22 81
22 83
22 87
22 88
22 89
22 91
22 92
22 93
22 96
22 97
23 34
23 35
23 36
23 37
23 44
23 45
23 46
23 47
23 48
23 49
23 50
23 51
23 55
23 58
23 60
23 61
23 62
23 63
23 66
23 68
23 69
23 70
23 71
23 72
23 73
23 75
23 76
23 83
23 84
23 85
23 86
23 88
23 90
23 91
23 95
23 96
23 98
23 99
24 58
24 70
24 81
24 95
25 26
25 27
25 28
25 29
25 30
25 31
25 32
25 33
25 34
25 35
25 36
25 38
25 39
25 40
25 42
25 43
25 44
25 45
25 48
25 49
25 50
25 51
25 52
25 53
25 54
25 55
25 56
25 57
25 58
25 59
25 60
25 61
25 62
25 63
25 64
25 66
25 68
25 69
25 71
25 73
25 74
25 75
25 76
25 77
25 79
25 80
25 81
25 82
25 83
25 84
25 85
25 86
25 87
25 88
25 89
25 90
25 91
25 92
25 94
25 95
25 97
25 98
25 99
26 27
26 28
26 29
26 30
26 31
26 32
26 33
26 34
26 35
26 36
26 37
26 38
26 39
26 40
26 41
26 42
26 43
26 44
26 45
26 46
26 47
26 48
26 49
26 50
26 51
26 52
26 53
26 54
26 55
26 56
26 57
26 58
26 59
26 60
26 61
26 62
26 63
26 64
26 65
26 66
26 67
26 68
26 69
26 70
26 71
26 72
26 73
26 74
26 75
26 76
26 77
26 78
26 79
26 80
26 81
26 82
26 83
26 84
26 85
26 86
26 87
26 88
26 89
26 90
26 91
26 92
26 93
26 94
26 95
26 96
26 97
26 98
26 99
27 28
27 29
27 30
27 31
27 32
27 33
27 34
27 35
27 36
27 37
27 38
27 39
27 40
27 41
27 42
27 43
27 44
27 45
27 46
27 47
27 48
27 49
27 50
27 51
27 52
27 53
27 54
27 55
27 56
27 57
27 58
27 59
27 60
27 61
27 62
27 63
27 64
27 65
27 66
27 67
27 68
27 69
27 70
27 71
27 72
27 73
27 74
27 75
27 76
27 77
27 78
27 79
27 80
27 81
27 82
27 83
27 84
27 85
27 86
27 87
27 88
27 89
27 90
27 91
27 92
27 93
27 94
27 95
27 96
27 97
27 98
27 99
28 32
28 36
28 41
28 48
28 55
28 58
28 61
28 62
28 64
28 70
28 73
28 77
28 93
28 95
29 30
29 31
29 33
29 35
29 39
29 40
29 41
29 43
29 44
29 46
29 47
29 48
29 50
29 51
29 52
29 53
29 55
29 56
29 59
29 61
29 64
29 68
29 69
29 71
29 73
29 75
29 76
29 78
29 81
29 82
29 83
29 84
29 85
29 86
29 88
29 90
29 92
29 93
29 94
29 96
29 97
29 98
29 99
30 31
30 32
30 33
30 57
30 66
30 77
31 37
31 38
31 39
31 41
31 42
31 43
31 44
31 46
31 51
31 52
31 56
31 68
31 69
31 71
31 72
31 73
31 75
31 76
31 80
31 83
31 85
31 86
31 93
31 94
31 95
32 37
32 42
32 58
32 62
32 74
32 76
32 91
33 34
33 35
33 36
33 37
33 38
33 39
33 40
33 41
33 42
33 43
33 44
33 45
33 46
33 47
33 48
33 49
33 50
33 51
33 52
33 53
33 54
33 56
33 57
33 58
33 59
33 60
33 61
33 62
33 63
33 64
33 65
33 66
33 67
33 68
33 70
33 71
33 72
33 73
33 74
33 76
33 77
33 78
33 79
33 80
33 81
33 83
33 84
33 86
33 87
33 88
33 89
33 90
33 91
33 92
33 93
33 94
33 95
33 96
33 98
33 99
34 35
34 36
34 37
34 38
34 39
34 40
34 41
34 42
34 44
34 45
34 46
34 47
34 48
34 49
34 50
34 51
34 52
34 53
34 54
34 55
34 56
34 57
34 58
34 59
34 60
34 61
34 62
34 63
34 64
34 65
34 66
34 67
34 68
34 69
34 70
34 71
34 72
34 73
34 74
34 75
34 76
34 77
34 78
34 79
34 80
34 81
34 82
34 83
34 84
34 85
34 86
34 87
34 88
34 89
34 90
34 91
34 92
34 93
34 94
34 95
34 96
34 97
34 98
34 99
35 36
35 38
35 39
35 40
35 41
35 42
35 45
35 46
35 47
35 48
35 49
35 50
35 51
35 53
35 54
35 55
35 58
35 59
35 60
35 61
35 63
35 64
35 65
35 67
35 71
35 72
35 76
35 79
35 80
35 81
35 85
35 86
35 89
35 91
35 92
35 93
35 95
36 37
36 41
36 42
36 43
36 44
36 46
36 47
36 49
36 51
36 55
36 57
36 59
36 60
36 61
36 63
36 64
36 65
36 66
36 68
36 70
36 71
36 73
36 74
36 75
36 78
36 79
36 82
36 83
36 86
36 87
36 88
36 89
36 90
36 92
36 93
36 94
36 95
36 96
36 97
36 98
36 99
37 39
37 41
37 46
37 47
37 49
37 53
37 55
37 56
37 57
37 58
37 59
37 60
37 62
37 64
37 65
37 66
37 67
37 69
37 72
37 77
37 78
37 79
37 82
37 84
37 85
37 88
37 91
37 93
37 94
37 98
37 99
38 39
38 40
38 41
38 42
38 43
38 46
38 47
38 48
38 49
38 52
38 55
38 57
38 58
38 60
38 62
38 64
38 68
38 75
38 82
38 86
38 90
38 94
38 95
39 41
39 42
39 44
39 45
39 48
39 50
39 51
39 53
39 58
39 61
39 62
39 64
39 66
39 67
39 71
39 73
39 76
39 81
39 82
39 83
39 86
39 87
39 88
39 89
39 92
39 93
39 96
39 97
40 41
40 42
40 43
40 44
40 45
40 46
40 47
40 48
40 49
40 50
40 51
40 52
40 53
40 54
40 55
40 56
40 57
40 58
40 59
40 60
40 61
40 62
40 63
40 64
40 65
40 66
40 67
40 68
40 69
40 70
40 71
40 72
40 73
40 74
40 75
40 76
40 77
40 78
40 79
40 80
40 81
40 82
40 84
40 85
40 86
40 88
40 89
40 90
40 91
40 92
40 93
40 94
40 95
40 96
40 97
40 98
40 99
41 44
41 50
41 68
41 74
41 75
41 79
42 44
42 46
42 47
42 50
42 51
42 55
42 59
42 61
42 62
42 63
42 64
42 65
42 67
42 68
42 69
42 75
42 82
42 84
42 85
42 92
42 95
42 96
42 97
42 99
43 46
43 48
43 52
43 53
43 65
43 69
43 73
43 75
43 76
43 84
43 85
43 86
43 93
43 94
43 96
44 46
44 47
44 48
44 49
44 51
44 52
44 54
44 57
44 60
44 62
44 70
44 72
44 74
44 75
44 76
44 79
44 84
44 85
44 86
44 88
44 94
44 95
44 96
44 97
44 99
45 46
45 48
45 50
45 51
45 52
45 58
45 61
45 63
45 68
45 69
45 74
45 75
45 76
45 79
45 81
45 82
45 92
45 93
45 97
45 98
46 47
46 48
46 49
46 51
46 53
46 55
46 56
46 57
46 58
46 59
46 60
46 61
46 62
46 63
46 64
46 65
46 67
46 68
46 70
46 71
46 72
46 73
46 74
46 75
46 77
46 78
46 79
46 80
46 81
46 82
46 83
46 84
46 85
46 86
46 87
46 88
46 89
46 90
46 92
46 94
46 95
46 96
46 97
46 98
46 99
47 49
47 53
47 55
47 56
47 58
47 63
47 64
47 65
47 68
47 72
47 73
47 77
47 79
47 80
47 81
47 82
47 84
47 86
47 87
47 88
47 89
47 90
47 91
47 93
47 94
47 95
47 98
47 99
48 49
48 51
48 54
48 56
48 57
48 58
48 62
48 66
48 67
48 68
48 73
48 74
48 76
48 77
48 78
48 79
48 82
48 83
48 84
48 86
48 88
48 93
48 95
48 99
49 50
49 53
49 54
49 57
49 61
49 62
49 64
49 66
49 67
49 69
49 70
49 71
49 74
49 76
49 78
49 79
49 80
49 82
49 83
49 84
49 86
49 88
49 90
49 92
49 95
49 96
49 98
50 52
50 53
50 54
50 55
50 57
50 58
50 59
50 60
50 61
50 62
50 63
50 65
50 67
50 68
50 69
50 71
50 72
50 75
50 76
50 77
50 78
50 79
50 80
50 81
50 82
50 83
50 84
50 85
50 87
50 88
50 89
50 91
50 92
50 93
50 94
50 95
50 98
50 99
51 52
51 53
51 54
51 55
51 57
51 58
51 60
51 61
51 62
51 64
51 65
51 66
51 67
51 68
51 69
51 70
51 73
51 74
51 75
51 76
51 80
51 81
51 82
51 83
51 84
51 85
51 88
51 89
51 90
51 91
51 92
51 94
51 95
51 96
51 98
52 60
52 74
53 54
53 57
53 58
53 59
53 60
53 61
53 62
53 63
53 65
53 66
53 67
53 68
53 69
53 70
53 71
53 73
53 74
53 75
53 76
53 77
53 81
53 82
53 84
53 86
53 87
53 91
53 92
53 93
53 95
53 96
53 97
53 98
54 55
54 57
54 59
54 60
54 61
54 62
54 63
54 64
54 65
54 67
54 70
54 71
54 72
54 73
54 74
54 76
54 77
54 78
54 79
54 80
54 81
54 82
54 83
54 84
54 85
54 86
54 87
54 88
54 90
54 91
54 92
54 93
54 95
54 96
54 98
54 99
55 56
55 58
55 65
55 67
55 71
55 73
55 76
55 77
55 86
55 87
55 90
55 93
56 57
56 58
56 61
56 62
56 63
56 65
56 67
56 68
56 70
56 71
56 73
56 74
56 80
56 81
56 82
56 83
56 86
56 87
56 88
56 89
56 90
56 91
56 97
57 59
57 60
57 63
57 64
57 66
57 68
57 70
57 72
57 78
57 81
57 86
57 88
57 89
57 94
57 96
57 97
57 99
58 59
58 61
58 65
58 66
58 67
58 71
58 74
58 75
58 76
58 80
58 81
58 82
58 83
58 84
58 85
58 86
58 87
58 89
58 90
58 92
58 94
58 95
58 98
58 99
59 60
59 61
59 62
59 63
59 64
59 65
59 66
59 67
59 68
59 69
59 70
59 71
59 72
59 73
59 74
59 75
59 76
59 77
59 78
59 79
59 80
59 81
59 82
59 83
59 84
59 85
59 86
59 87
59 88
59 89
59 90
59 91
59 92
59 93
59 94
59 95
59 96
59 97
59 98
59 99
60 61
60 63
60 65
60 69
60 72
60 74
60 78
60 79
60 80
60 82
60 83
60 84
60 85
60 88
60 91
60 93
60 94
60 96
60 97
60 98
60 99
61 65
61 70
61 82
61 87
61 90
61 91
61 99
62 63
62 64
62 65
62 66
62 68
62 69
62 70
62 71
62 72
62 73
62 74
62 75
62 76
62 77
62 78
62 79
62 80
62 82
62 83
62 85
62 88
62 89
62 90
62 91
62 93
62 94
62 95
62 96
62 97
62 99
63 66
63 71
63 72
63 75
63 76
63 77
63 78
63 79
63 80
63 81
63 82
63 83
63 84
63 86
63 88
63 89
63 93
63 95
63 96
63 97
63 99
64 65
64 66
64 67
64 68
64 69
64 70
64 71
64 72
64 73
64 74
64 75
64 76
64 77
64 78
64 79
64 80
64 81
64 85
64 86
64 87
64 88
64 89
64 90
64 91
64 92
64 93
64 95
64 96
64 97
64 98
64 99
65 66
65 67
65 71
65 77
65 79
65 80
65 84
65 86
65 89
65 91
65 92
65 94
65 95
65 96
65 97
65 98
66 93
66 94
67 69
67 70
67 72
67 73
67 78
67 80
67 82
67 87
67 88
67 91
67 92
67 94
68 70
68 71
68 72
68 73
68 74
68 76
68 77
68 78
68 79
68 81
68 83
68 86
68 88
68 91
68 92
68 93
68 96
68 98
69 71
69 72
69 73
69 74
69 76
69 79
69 80
69 82
69 83
69 84
69 85
69 87
69 89
69 90
69 91
69 93
69 94
69 95
69 97
69 99
70 72
70 82
70 86
70 92
70 94
70 99
71 82
71 93
71 99
72 74
72 79
72 80
72 81
72 83
72 84
72 85
72 86
72 89
72 94
72 97
73 75
73 77
73 79
73 80
73 81
73 83
73 85
73 86
73 88
73 89
73 90
73 93
73 94
73 96
73 99
74 75
74 76
74 78
74 79
74 80
74 81
74 83
74 84
74 85
74 86
74 87
74 89
74 90
74 91
74 92
74 93
74 94
74 95
74 97
74 98
74 99
75 81
75 84
75 96
76 77
76 80
76 82
76 84
76 85
76 86
76 87
76 88
76 89
76 91
76 93
76 95
76 96
77 78
77 79
77 80
77 81
77 82
77 83
77 84
77 85
77 86
77 87
77 88
77 89
77 90
77 91
77 92
77 93
77 94
77 95
77 96
77 97
77 98
77 99
78 79
78 81
78 83
78 94
78 97
79 80
79 81
79 82
79 83
79 84
79 85
79 86
79 87
79 88
79 89
79 90
79 91
79 92
79 93
79 95
79 97
79 98
80 82
80 84
80 85
80 86
80 88
80 92
80 93
80 94
80 95
80 96
80 97
80 98
80 99
81 85
81 95
81 96
82 83
82 84
82 85
82 86
82 87
82 88
82 89
82 91
82 92
82 93
82 96
82 97
82 98
82 99
83 94
84 85
84 86
84 87
84 88
84 89
84 90
84 91
84 93
84 94
84 95
84 96
84 97
84 98
84 99
85 87
85 88
85 89
85 90
85 91
85 92
85 93
85 94
85 95
85 96
85 99
86 87
86 88
86 89
86 90
86 91
86 92
86 93
86 94
86 96
86 97
86 98
86 99
87 88
87 89
87 90
87 91
87 92
87 93
87 94
87 95
87 96
87 97
87 98
87 99
88 91
88 92
88 93
88 94
88 96
88 99
89 90
89 91
89 92
89 93
89 94
89 95
89 96
89 97
89 98
89 99
90 91
90 92
90 93
90 94
90 95
90 99
91 92
91 95
91 97
91 99
92 94
92 96
92 97
92 98
93 99
94 95
94 96
94 97
94 98
94 99
95 96
95 97
95 99
96 97
97 99
98 99
