0 2
0 3
0 4
0 5
0 6
0 7
0 8
0 9
0 10
0 11
0 12
0 13
0 14
0 15
0 16
0 17
0 18
0 19
0 20
0 21
0 22
0 24
0 25
0 26
0 27
0 29
0 30
0 31
0 32
0 33
0 34
0 35
0 36
0 37
0 38
0 39
0 40
0 41
0 42
0 43
0 44
0 45
0 46
0 47
0 49
0 50
0 51
0 52
0 53
0 55
0 56
0 57
0 58
0 59
0 60
0 61
0 62
0 63
0 64
0 65
0 66
0 67
0 68
0 69
0 70
0 71
0 72
0 73
0 74
0 75
0 76
0 77
0 78
0 79
0 80
0 81
0 82
0 83
0 84
0 85
0 86
0 87
0 88
0 89
0 90
0 91
0 92
0 93
0 94
0 95
0 96
0 97
0 98
0 99
1 2
1 3
1 5
1 6
1 7
1 8
1 9
1 10
1 11
1 12
1 13
1 14
1 15
1 16
1 17
1 18
1 19
1 20
1 21
1 22
1 23
1 24
1 25
1 26
1 27
1 28
1 30
1 31
1 32
1 33
1 34
1 37
1 39
1 41
1 42
1 44
1 45
1 46
1 47
1 48
1 49
1 51
1 52
1 53
1 54
1 55
1 56
1 57
1 58
1 59
1 60
1 61
1 62
1 63
1 64
1 65
1 66
1 67
1 68
1 69
1 70
1 71
1 72
1 73
1 74
1 75
1 76
1 77
1 78
1 79
1 80
1 81
1 82
1 83
1 84
1 86
1 87
1 88
1 89
1 90
1 92
1 93
1 94
1 95
1 96
1 97
1 99
2 6
2 7
2 9
2 16
2 20
2 28
2 32
2 35
2 37
2 38
2 45
2 48
2 53
2 55
2 64
2 68
2 72
2 73
2 81
2 85
2 88
2 91
2 92
3 13
3 15
3 16
3 19
3 20
3 21
3 24
3 37
3 42
3 43
3 44
3 45
3 46
3 47
3 48
3 51
3 52
3 53
3 55
3 57
3 58
3 61
3 73
3 81
3 86
3 94
3 97
4 24
4 32
4 42
4 52
4 53
4 59
4 62
4 73
4 78
4 83
4 88
4 90
4 94
5 6
5 7
5 9
5 15
5 21
5 23
5 26
5 28
5 29
5 31
5 32
5 37
5 38
5 39
5 41
5 42
5 45
5 46
5 47
5 48
5 55
5 59
5 61
5 64
5 66
5 67
5 68
5 81
5 82
5 84
5 86
5 88
5 91
5 92
5 93
5 95
5 96
6 8
6 10
6 13
6 14
6 16
6 17
6 19
6 23
6 26
6 28
6 31
6 32
6 33
6 34
6 36
6 37
6 38
6 39
6 40
6 41
6 42
6 44
6 48
6 49
6 52
6 54
6 55
6 56
6 57
6 61
6 62
6 64
6 66
6 67
6 68
6 70
6 71
6 72
6 73
6 75
6 77
6 79
6 83
6 85
6 86
6 87
6 88
6 89
6 90
6 91
6 92
6 93
6 94
6 96
6 97
6 99
7 12
7 16
7 20
7 21
7 30
7 42
7 44
7 57
7 69
7 80
7 90
7 96
8 9
8 10
8 11
8 12
8 13
8 15
8 16
8 17
8 18
8 19
8 20
8 22
8 23
8 24
8 25
8 26
8 27
8 28
8 29
8 30
8 31
8 32
8 33
8 34
8 36
8 37
8 38
8 39
8 40
8 41
8 42
8 43
8 44
8 45
8 46
8 47
8 49
8 50
8 51
8 52
8 53
8 54
8 55
8 56
8 57
8 58
8 59
8 60
8 61
8 62
8 63
8 64
8 65
8 66
8 67
8 68
8 69
8 70
8 71
8 72
8 73
8 74
8 75
8 76
8 77
8 78
8 79
8 80
8 81
8 82
8 83
8 84
8 85
8 86
8 87
8 88
8 89
8 90
8 91
8 92
8 93
8 94
8 95
8 96
8 97
8 98
8 99
9 10
9 11
9 12
9 13
9 14
9 17
9 24
9 27
9 29
9 30
9 32
9 34
9 35
9 36
9 37
9 38
9 40
9 41
9 42
9 45
9 47
9 50
9 52
9 54
9 55
9 57
9 58
9 59
9 60
9 61
9 62
9 64
9 65
9 66
9 67
9 68
9 70
9 71
9 73
9 74
9 76
9 77
9 80
9 82
9 84
9 86
9 87
9 88
9 91
9 92
9 93
9 94
9 95
9 97
9 99
10 13
10 15
10 16
10 18
10 20
10 23
10 24
10 25
10 26
10 27
10 28
10 29
10 32
10 34
10 35
10 38
10 39
10 40
10 42
10 49
10 50
10 58
10 59
10 64
10 66
10 67
10 68
10 69
10 71
10 74
10 78
10 79
10 81
10 83
10 85
10 88
10 89
10 92
10 94
10 95
10 99
11 12
11 14
11 17
11 18
11 22
11 26
11 28
11 29
11 32
11 37
11 39
11 41
11 45
11 47
11 48
11 49
11 50
11 52
11 55
11 56
11 57
11 58
11 59
11 60
11 66
11 67
11 68
11 69
11 71
11 73
11 74
11 76
11 78
11 79
11 80
11 82
11 85
11 86
11 87
11 90
11 93
11 94
11 97
11 98
12 13
12 14
12 15
12 16
12 17
12 18
12 19
12 20
12 22
12 23
12 24
12 25
12 26
12 27
12 28
12 30
12 31
12 32
12 33
12 34
12 35
12 36
12 37
12 38
12 39
12 40
12 42
12 43
12 44
12 45
12 46
12 48
12 50
12 51
12 52
12 54
12 55
12 56
12 57
12 58
12 59
12 60
12 61
12 62
12 64
12 65
12 66
12 68
12 69
12 70
12 71
12 72
12 74
12 75
12 78
12 79
12 80
12 81
12 82
12 83
12 84
12 85
12 87
12 88
12 89
12 90
12 91
12 92
12 93
12 94
12 95
12 96
12 97
12 98
12 99
13 14
13 15
13 16
13 17
13 18
13 19
13 20
13 21
13 23
13 24
13 25
13 26
13 27
13 28
13 29
13 30
13 31
13 32
13 33
13 34
13 35
13 36
13 37
13 38
13 39
13 40
13 41
13 42
13 43
13 44
13 45
13 46
13 47
13 48
13 49
13 50
13 51
13 52
13 53
13 54
13 55
13 56
13 57
13 58
13 59
13 60
13 61
13 62
13 63
13 64
13 65
13 66
13 67
13 68
13 69
13 70
13 71
13 72
13 73
13 74
13 75
13 76
13 77
13 78
13 79
13 80
13 81
13 82
13 83
13 84
13 85
13 86
13 88
13 89
13 91
13 92
13 93
13 94
13 95
13 96
13 97
13 98
13 99
14 15
14 16
14 18
14 20
14 21
14 22
14 23
14 24
14 25
14 26
14 27
14 28
14 29
14 30
14 31
14 32
14 33
14 34
14 35
14 36
14 37
14 38
14 39
14 40
14 41
14 43
14 44
14 45
14 46
14 47
14 48
14 50
14 53
14 54
14 55
14 56
14 57
14 58
14 59
14 60
14 61
14 62
14 63
14 64
14 65
14 66
14 67
14 68
14 69
14 70
14 72
14 73
14 74
14 75
14 76
14 77
14 78
14 79
14 81
14 82
14 83
14 84
14 85
14 86
14 87
14 88
14 91
14 93
14 94
14 95
14 96
14 97
14 98
14 99
15 17
15 18
15 23
15 26
15 27
15 28
15 47
15 49
15 59
15 65
15 68
15 73
15 75
15 76
15 77
15 88
15 91
16 35
16 42
16 77
16 88
17 30
17 31
17 35
17 39
17 48
17 54
17 55
17 73
17 74
18 19
18 20
18 21
18 22
18 23
18 24
18 25
18 27
18 29
18 30
18 31
18 32
18 33
18 34
18 35
18 36
18 37
18 38
18 39
18 40
18 41
18 42
18 43
18 45
18 46
18 47
18 48
18 49
18 50
18 51
18 53
18 54
18 55
18 56
18 57
18 58
18 59
18 60
18 61
18 62
18 63
18 64
18 65
18 66
18 67
18 68
18 69
18 70
18 72
18 73
18 74
18 77
18 78
18 80
18 81
18 82
18 83
18 84
18 85
18 86
18 87
18 89
18 92
18 93
18 94
18 95
18 96
18 98
18 99
19 22
19 23
19 24
19 25
19 28
19 29
19 30
19 31
19 32
19 33
19 34
19 36
19 38
19 43
19 45
19 46
19 49
19 51
19 52
19 53
19 54
19 57
19 59
19 60
19 63
19 64
19 65
19 66
19 67
19 70
19 71
19 72
19 73
19 74
19 75
19 76
19 77
19 78
19 79
19 80
19 83
19 84
19 86
19 88
19 90
19 91
19 93
19 95
19 97
19 98
19 99
20 21
20 22
20 23
20 24
20 27
20 28
20 29
20 31
20 32
20 33
20 34
20 35
20 36
20 37
20 38
20 39
20 40
20 41
20 42
20 43
20 44
20 45
20 46
20 47
20 48
20 49
20 50
20 51
20 52
20 53
20 54
20 55
20 56
20 57
20 58
20 59
20 60
20 61
20 62
20 63
20 64
20 65
20 66
20 68
20 69
20 70
20 71
20 73
20 74
20 75
20 76
20 77
20 78
20 79
20 80
20 81
20 82
20 84
20 85
20 86
20 88
20 89
20 90
20 91
20 92
20 94
20 95
20 96
20 97
20 98
20 99
21 24
21 30
21 32
21 33
21 35
21 37
21 38
21 39
21 40
21 52
21 68
21 70
21 73
21 77
21 80
21 83
21 84
21 86
21 93
22 23
22 24
22 26
22 28
22 30
22 31
22 35
22 36
22 37
22 38
22 39
22 40
22 41
22 43
22 44
22 45
22 47
22 48
22 49
22 50
22 51
22 52
22 53
22 54
22 57
22 58
22 59
22 60
22 61
22 62
22 63
22 64
22 65
22 66
22 67
22 68
22 70
22 71
22 72
22 73
22 74
22 75
22 77
22 79
22 80
22 81
22 83
22 85
22 86
22 87
22 88
22 89
22 91
22 92
22 93
22 94
22 95
22 96
22 97
22 98
22 99
23 26
23 32
23 37
23 39
23 41
23 49
23 52
23 57
23 60
23 65
23 72
23 78
23 82
23 89
23 97
23 98
24 26
24 29
24 30
24 34
24 35
24 38
24 46
24 48
24 50
24 51
24 53
24 54
24 55
24 60
24 69
24 73
24 74
24 75
24 77
24 78
24 79
24 80
24 83
25 26
25 27
25 28
25 30
25 31
25 32
25 33
25 35
25 36
25 37
25 38
25 39
25 41
25 42
25 43
25 44
25 45
25 46
25 47
25 48
25 50
25 51
25 52
25 53
25 54
25 55
25 56
25 58
25 59
25 60
25 62
25 63
25 64
25 65
25 66
25 67
25 68
25 70
25 71
25 72
25 73
25 74
25 75
25 79
25 80
25 81
25 83
25 85
25 86
25 88
25 90
25 91
25 92
25 94
25 95
25 96
25 99
26 28
26 29
26 30
26 31
26 32
26 34
26 35
26 36
26 37
26 38
26 39
26 41
26 42
26 43
26 44
26 45
26 46
26 48
26 49
26 50
26 51
26 52
26 53
26 55
26 56
26 57
26 58
26 59
26 60
26 61
26 62
26 63
26 64
26 65
26 66
26 67
26 68
26 69
26 70
26 71
26 72
26 73
26 74
26 75
26 76
26 77
26 78
26 80
26 81
26 83
26 85
26 86
26 87
26 89
26 90
26 91
26 93
26 94
26 95
26 96
26 97
26 98
26 99
27 28
27 29
27 30
27 31
27 32
27 33
27 34
27 35
27 36
27 37
27 38
27 41
27 42
27 43
27 45
27 46
27 47
27 48
27 49
27 51
27 53
27 55
27 56
27 57
27 58
27 59
27 61
27 62
27 63
27 64
27 66
27 67
27 68
27 69
27 70
27 71
27 73
27 76
27 77
27 78
27 81
27 82
27 83
27 84
27 85
27 87
27 88
27 89
27 90
27 91
27 92
27 93
27 94
27 95
27 96
27 97
27 98
27 99
28 29
28 30
28 34
28 37
28 38
28 39
28 40
28 41
28 43
28 46
28 48
28 49
28 51
28 52
28 53
28 55
28 56
28 57
28 58
28 60
28 61
28 62
28 63
28 64
28 65
28 66
28 67
28 68
28 69
28 70
28 71
28 74
28 75
28 76
28 78
28 82
28 83
28 84
28 85
28 87
28 88
28 89
28 90
28 91
28 92
28 93
28 95
28 96
28 97
28 98
28 99
29 32
29 33
29 35
29 36
29 38
29 39
29 41
29 42
29 45
29 46
29 47
29 49
29 52
29 54
29 58
29 59
29 60
29 65
29 66
29 67
29 68
29 69
29 70
29 71
29 73
29 74
29 75
29 78
29 80
29 81
29 82
29 83
29 84
29 86
29 88
29 93
29 96
29 97
30 31
30 34
30 35
30 36
30 37
30 38
30 40
30 42
30 45
30 49
30 52
30 54
30 55
30 56
30 57
30 60
30 61
30 64
30 65
30 68
30 69
30 73
30 75
30 76
30 77
30 78
30 79
30 82
30 83
30 84
30 85
30 86
30 87
30 89
30 93
30 94
30 95
30 97
31 32
31 33
31 34
31 36
31 37
31 39
31 40
31 42
31 43
31 44
31 45
31 46
31 47
31 48
31 49
31 51
31 53
31 55
31 56
31 59
31 60
31 61
31 64
31 65
31 66
31 68
31 69
31 72
31 73
31 74
31 76
31 79
31 80
31 82
31 83
31 84
31 85
31 86
31 87
31 89
31 90
31 91
31 92
31 94
31 95
31 96
31 97
31 98
31 99
32 36
32 37
32 38
32 42
32 43
32 47
32 49
32 51
32 55
32 56
32 60
32 63
32 67
32 69
32 73
32 79
32 83
32 84
32 90
33 35
33 41
33 42
33 45
33 48
33 51
33 52
33 53
33 54
33 55
33 56
33 59
33 69
33 70
33 71
33 72
33 73
33 74
33 77
33 78
33 79
33 80
33 82
33 83
33 85
33 88
33 89
33 91
33 92
33 94
33 96
34 37
34 41
34 46
34 49
34 50
34 58
34 65
34 70
34 72
34 73
34 84
34 85
34 95
34 96
34 99
35 36
35 37
35 38
35 39
35 41
35 42
35 43
35 45
35 46
35 47
35 48
35 49
35 50
35 51
35 53
35 54
35 55
35 56
35 57
35 58
35 60
35 63
35 64
35 65
35 67
35 68
35 69
35 70
35 73
35 74
35 77
35 78
35 79
35 81
35 82
35 83
35 84
35 85
35 86
35 88
35 89
35 90
35 91
35 92
35 93
35 94
35 95
35 96
35 98
35 99
36 38
36 48
36 51
36 59
36 66
36 70
36 84
37 39
37 42
37 43
37 47
37 48
37 56
37 60
37 64
37 66
37 72
37 73
37 74
37 75
37 77
37 78
37 79
37 80
37 81
37 82
37 85
37 86
37 87
37 93
37 94
37 96
38 39
38 40
38 41
38 46
38 47
38 50
38 51
38 55
38 57
38 58
38 59
38 60
38 61
38 62
38 63
38 64
38 66
38 67
38 68
38 69
38 71
38 72
38 73
38 74
38 75
38 81
38 84
38 85
38 89
38 92
38 93
38 98
38 99
39 42
39 44
39 49
39 51
39 53
39 55
39 56
39 59
39 60
39 64
39 68
39 70
39 75
39 80
39 83
39 84
39 88
39 89
39 90
39 91
39 95
39 96
39 97
40 42
40 46
40 49
40 54
40 62
40 65
40 68
40 74
40 79
40 82
40 85
40 87
40 95
40 98
40 99
41 45
41 46
41 48
41 49
41 50
41 53
41 56
41 57
41 58
41 60
41 62
41 63
41 65
41 67
41 69
41 70
41 71
41 73
41 75
41 77
41 79
41 82
41 88
41 92
41 95
42 43
42 44
42 46
42 47
42 48
42 49
42 50
42 51
42 52
42 53
42 54
42 55
42 56
42 57
42 58
42 59
42 60
42 61
42 62
42 63
42 64
42 65
42 66
42 67
42 68
42 69
42 70
42 71
42 72
42 73
42 74
42 75
42 76
42 77
42 78
42 79
42 80
42 81
42 82
42 84
42 85
42 87
42 89
42 90
42 91
42 92
42 93
42 94
42 96
42 97
42 98
42 99
43 44
43 46
43 47
43 49
43 51
43 52
43 54
43 55
43 58
43 59
43 60
43 64
43 65
43 66
43 70
43 71
43 73
43 76
43 81
43 82
43 83
43 89
43 90
43 96
44 47
44 48
44 53
44 56
44 58
44 60
44 62
44 63
44 64
44 65
44 66
44 70
44 75
44 79
44 80
44 84
44 85
44 86
44 88
44 89
44 90
44 99
45 47
45 53
45 56
45 57
45 58
45 60
45 62
45 64
45 65
45 66
45 69
45 70
45 72
45 74
45 75
45 79
45 85
45 86
45 87
45 89
45 90
45 93
45 94
45 95
45 96
45 97
45 99
46 47
46 48
46 49
46 50
46 51
46 52
46 53
46 54
46 55
46 56
46 57
46 58
46 59
46 60
46 61
46 62
46 63
46 64
46 65
46 66
46 67
46 68
46 69
46 70
46 71
46 72
46 73
46 74
46 75
46 76
46 77
46 78
46 79
46 80
46 81
46 82
46 83
46 84
46 85
46 87
46 88
46 89
46 90
46 91
46 92
46 93
46 94
46 95
46 96
46 98
46 99
47 49
47 52
47 57
47 60
47 63
47 64
47 65
47 69
47 71
47 72
47 73
47 79
47 83
47 88
47 89
47 91
47 93
47 95
47 99
48 49
48 51
48 52
48 53
48 54
48 55
48 56
48 57
48 58
48 59
48 60
48 61
48 62
48 63
48 65
48 66
48 67
48 68
48 69
48 70
48 71
48 72
48 73
48 74
48 75
48 76
48 78
48 79
48 80
48 81
48 82
48 83
48 84
48 86
48 87
48 88
48 90
48 91
48 92
48 93
48 94
48 95
48 96
48 97
48 98
48 99
49 50
49 51
49 52
49 53
49 55
49 56
49 57
49 58
49 59
49 61
49 62
49 63
49 65
49 66
49 67
49 68
49 69
49 70
49 71
49 73
49 74
49 76
49 77
49 79
49 80
49 81
49 82
49 83
49 84
49 86
49 87
49 88
49 90
49 93
49 95
49 96
49 97
49 98
49 99
50 54
50 61
50 73
50 78
50 85
50 93
51 88
52 53
52 54
52 55
52 56
52 57
52 61
52 62
52 64
52 66
52 68
52 71
52 72
52 75
52 76
52 78
52 79
52 80
52 81
52 82
52 83
52 84
52 87
52 88
52 89
52 94
52 98
53 55
53 56
53 57
53 58
53 59
53 60
53 61
53 63
53 64
53 65
53 66
53 67
53 68
53 69
53 70
53 71
53 72
53 73
53 74
53 75
53 77
53 78
53 79
53 80
53 81
53 82
53 83
53 84
53 85
53 86
53 87
53 88
53 89
53 90
53 91
53 92
53 93
53 94
53 95
53 96
53 97
53 98
53 99
54 57
54 60
54 79
54 83
54 89
54 96
55 56
55 57
55 58
55 59
55 60
55 61
55 62
55 63
55 65
55 66
55 67
55 68
55 69
55 70
55 71
55 72
55 73
55 74
55 75
55 76
55 77
55 78
55 80
55 81
55 82
55 83
55 84
55 85
55 86
55 88
55 90
55 91
55 92
55 94
55 95
55 97
55 98
55 99
56 60
56 61
56 62
56 63
56 64
56 66
56 67
56 68
56 69
56 71
56 72
56 77
56 80
56 81
56 91
56 95
57 60
57 61
57 62
57 64
57 66
57 68
57 69
57 70
57 71
57 72
57 80
57 81
57 86
57 89
57 90
57 96
57 97
57 98
58 60
58 61
58 63
58 66
58 67
58 69
58 70
58 73
58 75
58 80
58 84
58 85
58 86
58 89
58 90
58 92
58 93
58 97
58 98
59 74
60 63
60 64
60 78
60 86
60 88
60 98
61 72
61 75
61 86
61 87
61 89
61 97
61 99
62 63
62 64
62 65
62 66
62 67
62 68
62 69
62 70
62 72
62 73
62 74
62 75
62 76
62 78
62 79
62 80
62 81
62 82
62 83
62 84
62 85
62 87
62 88
62 89
62 90
62 93
62 95
62 96
62 97
62 98
62 99
63 64
63 67
63 68
63 69
63 71
63 75
63 76
63 77
63 78
63 79
63 80
63 81
63 82
63 83
63 84
63 86
63 87
63 88
63 89
63 90
63 91
63 92
63 95
63 97
63 99
64 67
64 68
64 69
64 70
64 72
64 73
64 74
64 75
64 77
64 80
64 81
64 82
64 84
64 85
64 86
64 87
64 89
64 90
64 91
64 92
64 94
64 95
64 96
64 97
64 99
65 67
65 68
65 69
65 70
65 71
65 72
65 73
65 75
65 76
65 80
65 81
65 82
65 83
65 85
65 86
65 87
65 89
65 90
65 91
65 97
65 99
66 67
66 75
66 79
66 86
67 68
67 70
67 71
67 72
67 73
67 76
67 77
67 79
67 83
67 84
67 85
67 86
67 88
67 89
67 90
67 91
67 92
67 93
67 95
67 96
67 97
67 98
68 85
69 71
69 72
69 80
69 83
69 84
69 88
69 90
69 94
69 96
70 78
70 79
70 80
70 82
70 88
70 94
70 99
71 73
71 76
71 77
71 84
71 86
71 87
71 90
71 91
71 92
71 93
71 95
71 96
71 97
72 92
73 75
73 80
73 81
73 85
73 96
73 98
74 80
74 82
74 89
74 92
74 93
74 96
74 97
75 76
75 77
75 78
75 79
75 80
75 81
75 82
75 83
75 84
75 85
75 86
75 88
75 89
75 90
75 93
75 94
75 95
75 96
75 97
75 98
75 99
76 77
76 81
76 84
76 85
76 88
76 91
76 96
76 97
76 98
77 86
77 89
77 93
77 96
77 99
78 79
78 80
78 81
78 82
78 83
78 85
78 86
78 88
78 89
78 90
78 92
78 93
78 97
78 98
78 99
79 80
79 81
79 82
79 83
79 84
79 85
79 86
79 87
79 89
79 90
79 91
79 92
79 95
79 97
79 98
79 99
80 81
80 82
80 83
80 84
80 85
80 86
80 87
80 88
80 89
80 90
80 91
80 92
80 93
80 94
80 95
80 96
80 97
80 98
80 99
81 82
81 83
81 84
81 85
81 86
81 87
81 88
81 89
81 90
81 91
81 93
81 94
81 95
81 96
81 97
81 98
81 99
82 84
82 85
82 86
82 88
82 90
82 91
82 92
82 93
82 94
82 95
82 98
82 99
83 84
83 87
83 88
83 90
83 91
83 92
83 95
83 96
83 97
83 99
84 85
84 88
84 91
84 94
84 95
85 87
85 89
85 91
85 92
85 95
85 96
85 99
86 87
86 88
86 89
86 90
86 91
86 92
86 93
86 94
86 95
86 96
86 97
86 98
86 99
87 88
87 95
87 97
87 98
88 90
88 91
88 92
88 93
88 96
88 99
89 90
89 95
89 96
89 98
90 91
90 95
90 97
90 99
91 93
91 94
91 97
92 93
93 95
93 96
93 98
94 96
95 96
95 97
95 98
95 99
96 97
96 98
96 99
97 98
97 99
98 99
