0 5
0 8
0 11
0 13
0 17
0 19
0 20
0 22
0 24
0 29
0 34
0 35
0 38
0 40
0 41
0 42
0 46
0 48
0 53
0 54
0 55
0 61
0 63
0 64
0 65
0 66
0 72
0 73
0 74
0 75
0 76
0 78
0 79
0 80
0 81
0 83
0 84
0 89
0 91
0 95
0 97
1 2
1 3
1 4
1 5
1 7
1 10
1 11
1 12
1 14
1 15
1 16
1 17
1 18
1 19
1 21
1 22
1 23
1 24
1 25
1 26
1 27
1 29
1 30
1 31
1 32
1 33
1 34
1 36
1 37
1 38
1 39
1 41
1 42
1 43
1 44
1 45
1 46
1 47
1 48
1 49
1 51
1 52
1 53
1 54
1 55
1 58
1 59
1 60
1 61
1 62
1 63
1 64
1 65
1 67
1 69
1 71
1 73
1 74
1 75
1 76
1 77
1 78
1 80
1 81
1 82
1 83
1 85
1 86
1 87
1 88
1 90
1 91
1 93
1 94
1 95
1 96
1 97
1 98
2 7
2 9
2 10
2 11
2 13
2 15
2 18
2 19
2 20
2 23
2 26
2 30
2 32
2 33
2 37
2 38
2 39
2 40
2 44
2 45
2 50
2 54
2 56
2 57
2 58
2 60
2 62
2 63
2 65
2 66
2 67
2 71
2 72
2 77
2 78
2 80
2 81
2 82
2 84
2 87
2 88
2 90
2 93
2 95
2 96
2 97
2 98
2 99
3 4
3 5
3 6
3 7
3 9
3 12
3 15
3 23
3 27
3 30
3 31
3 32
3 35
3 36
3 37
3 39
3 41
3 43
3 46
3 50
3 51
3 52
3 53
3 56
3 58
3 61
3 63
3 67
3 73
3 74
3 75
3 76
3 77
3 79
3 80
3 85
3 86
3 88
3 89
3 90
3 96
3 98
4 5
4 11
4 12
4 14
4 15
4 26
4 27
4 30
4 32
4 34
4 36
4 37
4 38
4 40
4 43
4 48
4 49
4 51
4 52
4 54
4 56
4 59
4 60
4 61
4 62
4 65
4 73
4 83
4 85
4 87
4 88
4 90
4 94
4 96
4 97
4 99
5 9
5 15
5 16
5 23
5 49
5 56
5 60
5 63
5 65
5 67
5 70
5 73
5 82
5 83
6 15
6 19
6 25
6 32
6 36
6 41
6 51
6 55
6 58
6 61
6 66
6 74
6 78
6 81
6 82
6 83
6 84
6 85
6 89
6 92
6 94
6 95
6 99
7 13
7 17
7 18
7 24
7 29
7 46
7 50
7 54
7 61
7 64
7 69
7 73
7 79
7 85
7 94
8 10
8 11
8 12
8 13
8 17
8 19
8 21
8 22
8 26
8 27
8 30
8 31
8 32
8 33
8 35
8 36
8 39
8 40
8 41
8 43
8 46
8 47
8 48
8 49
8 50
8 51
8 52
8 53
8 56
8 57
8 59
8 60
8 61
8 62
8 65
8 66
8 68
8 69
8 71
8 72
8 74
8 76
8 77
8 78
8 79
8 81
8 83
8 84
8 87
8 88
8 89
8 90
8 93
8 94
8 95
8 96
8 98
8 99
9 10
9 11
9 12
9 13
9 14
9 15
9 16
9 17
9 18
9 19
9 20
9 21
9 22
9 23
9 24
9 25
9 26
9 27
9 28
9 29
9 30
9 31
9 32
9 33
9 34
9 35
9 37
9 38
9 39
9 40
9 41
9 42
9 44
9 45
9 46
9 47
9 49
9 50
9 51
9 53
9 54
9 55
9 56
9 57
9 58
9 59
9 60
9 61
9 62
9 63
9 64
9 65
9 66
9 67
9 68
9 69
9 70
9 71
9 72
9 73
9 74
9 75
9 76
9 77
9 78
9 80
9 81
9 82
9 83
9 84
9 85
9 86
9 87
9 88
9 89
9 90
9 91
9 92
9 93
9 94
9 95
9 96
9 97
9 98
9 99
10 11
10 13
10 17
10 19
10 20
10 21
10 22
10 23
10 24
10 25
10 26
10 27
10 28
10 32
10 33
10 34
10 35
10 36
10 38
10 39
10 41
10 42
10 43
10 44
10 46
10 47
10 48
10 49
10 50
10 51
10 52
10 53
10 54
10 55
10 57
10 59
10 61
10 62
10 63
10 67
10 68
10 69
10 70
10 71
10 72
10 73
10 76
10 78
10 81
10 82
10 85
10 86
10 87
10 88
10 89
10 90
10 93
10 94
10 95
10 96
10 97
10 98
10 99
11 12
11 15
11 16
11 19
11 20
11 21
11 25
11 26
11 28
11 29
11 31
11 32
11 36
11 37
11 39
11 40
11 41
11 43
11 45
11 47
11 49
11 52
11 54
11 55
11 58
11 60
11 64
11 68
11 73
11 77
11 78
11 79
11 80
11 81
11 83
11 84
11 85
11 88
11 90
11 92
11 97
11 99
12 13
12 15
12 21
12 22
12 23
12 24
12 28
12 30
12 31
12 32
12 34
12 35
12 36
12 37
12 38
12 39
12 40
12 44
12 47
12 48
12 49
12 50
12 51
12 52
12 53
12 55
12 56
12 57
12 58
12 59
12 60
12 61
12 62
12 64
12 65
12 67
12 68
12 69
12 72
12 73
12 74
12 76
12 77
12 79
12 80
12 81
12 82
12 83
12 84
12 85
12 86
12 87
12 88
12 89
12 90
12 91
12 94
12 95
12 96
12 97
12 99
13 17
13 21
13 22
13 31
13 33
13 35
13 49
13 75
13 88
13 91
14 15
14 16
14 17
14 19
14 20
14 21
14 23
14 24
14 25
14 26
14 27
14 28
14 29
14 30
14 32
14 35
14 37
14 38
14 40
14 41
14 42
14 43
14 45
14 46
14 47
14 49
14 50
14 51
14 52
14 53
14 54
14 55
14 56
14 57
14 58
14 59
14 60
14 61
14 62
14 63
14 64
14 66
14 68
14 69
14 70
14 71
14 72
14 73
14 74
14 75
14 76
14 77
14 78
14 79
14 80
14 81
14 82
14 84
14 85
14 86
14 87
14 88
14 89
14 90
14 91
14 92
14 93
14 94
14 96
14 98
14 99
15 17
15 19
15 20
15 21
15 22
15 23
15 25
15 26
15 27
15 28
15 29
15 30
15 31
15 33
15 34
15 35
15 36
15 37
15 40
15 41
15 42
15 43
15 44
15 45
15 46
15 48
15 50
15 51
15 52
15 53
15 54
15 55
15 56
15 57
15 58
15 59
15 60
15 61
15 62
15 63
15 64
15 65
15 66
15 67
15 68
15 70
15 71
15 72
15 73
15 74
15 75
15 76
15 77
15 78
15 79
15 80
15 81
15 82
15 83
15 84
15 85
15 86
15 88
15 89
15 90
15 91
15 92
15 93
15 94
15 95
15 96
15 97
15 98
15 99
16 17
16 18
16 19
16 20
16 21
16 22
16 23
16 24
16 25
16 26
16 27
16 28
16 30
16 31
16 32
16 33
16 34
16 35
16 36
16 37
16 38
16 39
16 40
16 41
16 42
16 43
16 44
16 45
16 46
16 47
16 48
16 49
16 50
16 51
16 52
16 53
16 54
16 55
16 56
16 57
16 58
16 59
16 60
16 61
16 62
16 63
16 64
16 65
16 66
16 67
16 68
16 69
16 70
16 72
16 73
16 74
16 75
16 76
16 77
16 78
16 79
16 80
16 81
16 82
16 83
16 84
16 85
16 86
16 87
16 88
16 89
16 90
16 91
16 92
16 93
16 94
16 95
16 96
16 97
16 98
16 99
17 18
17 19
17 20
17 21
17 22
17 23
17 24
17 25
17 26
17 27
17 28
17 29
17 30
17 31
17 32
17 33
17 34
17 35
17 36
17 37
17 38
17 39
17 40
17 41
17 42
17 43
17 44
17 46
17 47
17 48
17 49
17 50
17 51
17 52
17 53
17 54
17 55
17 56
17 57
17 58
17 59
17 60
17 61
17 62
17 63
17 64
17 65
17 66
17 67
17 68
17 69
17 70
17 71
17 73
17 74
17 76
17 77
17 78
17 79
17 80
17 81
17 82
17 83
17 84
17 85
17 86
17 87
17 88
17 89
17 90
17 91
17 92
17 93
17 94
17 95
17 96
17 97
17 98
17 99
18 19
18 20
18 21
18 23
18 24
18 25
18 27
18 28
18 35
18 36
18 37
18 39
18 40
18 41
18 42
18 43
18 44
18 47
18 50
18 52
18 53
18 55
18 56
18 57
18 58
18 59
18 60
18 62
18 63
18 65
18 66
18 67
18 68
18 70
18 71
18 72
18 73
18 78
18 79
18 81
18 82
18 86
18 88
18 92
18 93
18 94
18 95
18 97
18 98
19 34
19 36
19 38
19 43
19 50
19 55
19 64
19 65
19 68
19 70
19 73
19 76
19 88
19 91
19 92
19 97
19 98
19 99
20 25
20 26
20 37
20 43
20 67
20 69
20 76
21 27
21 29
21 31
21 33
21 34
21 39
21 42
21 46
21 49
21 50
21 56
21 60
21 61
21 73
21 75
21 77
21 81
21 84
21 92
21 96
22 26
22 46
22 64
22 83
23 24
23 26
23 27
23 28
23 29
23 31
23 35
23 36
23 38
23 39
23 40
23 44
23 45
23 46
23 47
23 48
23 49
23 50
23 51
23 52
23 53
23 54
23 55
23 56
23 57
23 59
23 60
23 62
23 63
23 64
23 65
23 66
23 67
23 68
23 69
23 70
23 71
23 73
23 74
23 75
23 76
23 77
23 78
23 79
23 80
23 81
23 84
23 85
23 86
23 87
23 88
23 89
23 90
23 91
23 93
23 94
23 95
23 96
23 97
23 98
23 99
24 25
24 26
24 28
24 29
24 30
24 31
24 34
24 35
24 36
24 37
24 38
24 40
24 41
24 42
24 43
24 45
24 47
24 48
24 49
24 50
24 51
24 52
24 54
24 55
24 57
24 58
24 61
24 63
24 66
24 67
24 68
24 69
24 70
24 71
24 72
24 73
24 74
24 76
24 78
24 80
24 82
24 83
24 84
24 85
24 86
24 88
24 89
24 90
24 91
24 93
24 94
24 95
24 96
24 97
24 98
24 99
25 27
25 28
25 32
25 33
25 34
25 35
25 36
25 37
25 38
25 42
25 44
25 45
25 46
25 47
25 48
25 49
25 50
25 51
25 52
25 53
25 54
25 55
25 63
25 65
25 68
25 70
25 71
25 74
25 75
25 77
25 79
25 81
25 84
25 85
25 86
25 88
25 92
25 94
25 95
25 97
26 27
26 29
26 30
26 31
26 32
26 33
26 34
26 35
26 36
26 38
26 39
26 40
26 43
26 44
26 45
26 47
26 48
26 50
26 51
26 52
26 53
26 54
26 55
26 56
26 59
26 60
26 62
26 65
26 66
26 67
26 68
26 69
26 70
26 71
26 72
26 73
26 74
26 75
26 78
26 79
26 80
26 81
26 83
26 84
26 85
26 86
26 87
26 90
26 91
26 92
26 93
26 94
26 96
26 97
26 98
26 99
27 35
27 39
27 40
27 42
27 47
27 52
27 57
27 66
27 70
27 81
27 86
27 91
28 29
28 33
28 35
28 37
28 38
28 42
28 43
28 44
28 46
28 48
28 50
28 53
28 54
28 56
28 57
28 58
28 59
28 61
28 62
28 63
28 73
28 75
28 76
28 77
28 80
28 83
28 85
28 86
28 92
28 94
28 95
28 96
28 98
29 30
29 33
29 34
29 37
29 39
29 42
29 43
29 44
29 45
29 46
29 47
29 48
29 51
29 52
29 53
29 61
29 62
29 63
29 66
29 70
29 73
29 79
29 83
29 86
29 87
29 88
29 90
29 91
29 92
29 93
29 94
29 95
29 96
29 99
30 31
30 32
30 33
30 34
30 35
30 36
30 37
30 38
30 39
30 40
30 41
30 42
30 43
30 44
30 45
30 46
30 47
30 48
30 49
30 50
30 51
30 52
30 53
30 54
30 55
30 56
30 57
30 58
30 59
30 60
30 61
30 62
30 63
30 64
30 65
30 66
30 67
30 68
30 69
30 71
30 72
30 73
30 74
30 75
30 76
30 77
30 78
30 79
30 80
30 81
30 83
30 84
30 85
30 86
30 87
30 88
30 89
30 90
30 91
30 92
30 93
30 94
30 95
30 96
30 97
30 98
30 99
31 33
31 34
31 38
31 44
31 46
31 49
31 51
31 52
31 55
31 56
31 58
31 60
31 61
31 65
31 66
31 67
31 68
31 70
31 71
31 74
31 76
31 77
31 79
31 80
31 81
31 82
31 83
31 86
31 89
31 92
31 93
31 94
31 95
31 98
31 99
32 33
32 34
32 35
32 37
32 38
32 40
32 43
32 45
32 46
32 47
32 48
32 50
32 51
32 52
32 53
32 54
32 55
32 57
32 60
32 61
32 63
32 64
32 65
32 66
32 67
32 69
32 70
32 71
32 73
32 74
32 75
32 78
32 79
32 80
32 81
32 83
32 86
32 87
32 88
32 89
32 90
32 91
32 92
32 93
32 95
32 96
32 97
32 98
32 99
33 35
33 36
33 38
33 41
33 44
33 45
33 46
33 47
33 48
33 50
33 51
33 53
33 54
33 58
33 59
33 61
33 62
33 63
33 64
33 66
33 67
33 68
33 70
33 71
33 72
33 74
33 76
33 79
33 80
33 86
33 89
33 93
33 94
33 95
33 96
33 97
34 40
34 41
34 42
34 45
34 46
34 49
34 51
34 53
34 57
34 58
34 60
34 62
34 63
34 64
34 65
34 68
34 69
34 70
34 71
34 73
34 74
34 78
34 83
34 84
34 85
34 91
34 97
34 99
35 40
35 43
35 45
35 47
35 49
35 51
35 54
35 67
35 72
35 74
35 77
35 80
35 81
35 83
35 89
35 92
35 94
35 98
36 37
36 39
36 40
36 41
36 42
36 43
36 45
36 46
36 49
36 51
36 54
36 55
36 58
36 59
36 61
36 63
36 66
36 67
36 69
36 71
36 76
36 77
36 78
36 80
36 81
36 84
36 87
36 88
36 89
36 90
36 94
36 96
36 97
36 98
37 38
37 39
37 40
37 41
37 42
37 43
37 45
37 46
37 47
37 48
37 49
37 50
37 51
37 52
37 53
37 54
37 55
37 56
37 57
37 58
37 59
37 60
37 61
37 62
37 63
37 64
37 66
37 67
37 68
37 69
37 70
37 71
37 72
37 73
37 74
37 75
37 76
37 77
37 78
37 79
37 80
37 81
37 82
37 83
37 84
37 85
37 86
37 87
37 88
37 89
37 90
37 91
37 92
37 93
37 94
37 95
37 96
37 97
37 98
37 99
38 41
38 42
38 43
38 46
38 47
38 49
38 50
38 52
38 54
38 56
38 60
38 62
38 64
38 65
38 67
38 70
38 71
38 72
38 73
38 76
38 77
38 78
38 80
38 84
38 85
38 86
38 89
38 90
38 93
38 95
38 97
38 99
39 40
39 42
39 43
39 44
39 47
39 48
39 55
39 57
39 59
39 60
39 61
39 63
39 64
39 65
39 66
39 68
39 69
39 71
39 72
39 73
39 75
39 77
39 78
39 79
39 80
39 81
39 82
39 83
39 84
39 86
39 89
39 91
39 93
39 94
39 96
39 97
39 98
39 99
40 42
40 43
40 44
40 45
40 46
40 47
40 49
40 50
40 51
40 53
40 56
40 58
40 59
40 60
40 62
40 63
40 64
40 66
40 67
40 69
40 70
40 73
40 76
40 79
40 82
40 83
40 86
40 87
40 90
40 91
40 94
40 97
40 98
40 99
41 42
41 43
41 44
41 45
41 46
41 47
41 49
41 50
41 51
41 52
41 54
41 56
41 58
41 59
41 60
41 62
41 63
41 64
41 67
41 69
41 70
41 72
41 73
41 74
41 75
41 76
41 78
41 80
41 82
41 83
41 84
41 85
41 86
41 87
41 89
41 90
41 91
41 93
41 94
41 96
41 98
41 99
42 43
42 44
42 45
42 46
42 47
42 49
42 51
42 53
42 54
42 55
42 56
42 57
42 58
42 59
42 61
42 62
42 63
42 64
42 66
42 67
42 68
42 69
42 70
42 71
42 72
42 73
42 74
42 77
42 78
42 79
42 80
42 81
42 83
42 84
42 85
42 87
42 88
42 89
42 90
42 91
42 92
42 93
42 94
42 95
42 96
42 97
42 98
42 99
43 45
43 46
43 50
43 54
43 55
43 56
43 58
43 61
43 63
43 65
43 67
43 70
43 73
43 75
43 77
43 79
43 80
43 83
43 84
43 86
43 87
43 88
43 89
43 90
43 93
43 94
43 95
43 96
43 98
44 47
44 52
44 54
44 55
44 58
44 59
44 65
44 67
44 70
44 71
44 72
44 73
44 74
44 75
44 79
44 82
44 83
44 90
44 91
44 92
44 93
44 95
44 96
44 99
45 46
45 54
45 57
45 59
45 60
45 61
45 63
45 68
45 69
45 70
45 71
45 73
45 74
45 76
45 78
45 81
45 82
45 84
45 88
45 90
45 92
45 94
45 98
45 99
46 47
46 52
46 53
46 55
46 57
46 58
46 59
46 60
46 61
46 64
46 66
46 71
46 72
46 74
46 77
46 78
46 79
46 80
46 82
46 84
46 85
46 86
46 87
46 89
46 90
46 92
46 93
46 94
46 95
46 96
46 97
46 98
46 99
47 49
47 50
47 51
47 52
47 53
47 54
47 55
47 56
47 57
47 58
47 60
47 61
47 62
47 63
47 64
47 65
47 66
47 67
47 68
47 69
47 70
47 71
47 72
47 73
47 74
47 75
47 77
47 78
47 79
47 80
47 81
47 82
47 83
47 84
47 85
47 86
47 87
47 88
47 89
47 90
47 91
47 92
47 93
47 94
47 96
47 98
48 49
48 53
48 54
48 56
48 57
48 58
48 59
48 60
48 61
48 62
48 63
48 64
48 65
48 66
48 67
48 68
48 69
48 70
48 71
48 72
48 74
48 75
48 76
48 77
48 79
48 80
48 81
48 82
48 83
48 84
48 85
48 86
48 87
48 88
48 90
48 91
48 92
48 94
48 95
48 97
48 98
49 50
49 51
49 53
49 55
49 56
49 58
49 59
49 60
49 61
49 64
49 65
49 66
49 68
49 69
49 70
49 71
49 72
49 73
49 74
49 75
49 76
49 77
49 78
49 79
49 80
49 84
49 85
49 86
49 89
49 91
49 92
49 93
49 96
49 98
49 99
50 51
50 52
50 53
50 54
50 55
50 56
50 58
50 59
50 60
50 61
50 62
50 63
50 64
50 65
50 66
50 67
50 68
50 69
50 70
50 71
50 73
50 74
50 75
50 76
50 77
50 78
50 79
50 80
50 81
50 82
50 83
50 84
50 85
50 87
50 88
50 89
50 90
50 91
50 92
50 93
50 94
50 95
50 96
50 97
50 98
50 99
51 52
51 56
51 79
51 81
51 86
51 87
51 94
51 96
52 55
52 59
52 60
52 61
52 62
52 78
52 79
52 80
52 83
52 86
52 91
52 92
53 55
53 59
53 69
53 74
53 84
53 95
53 96
54 57
54 72
54 77
54 82
55 56
55 58
55 60
55 61
55 62
55 63
55 65
55 66
55 67
55 68
55 69
55 70
55 73
55 75
55 76
55 77
55 81
55 82
55 83
55 84
55 86
55 89
55 90
55 92
55 94
55 95
55 96
55 97
55 98
55 99
56 57
56 58
56 59
56 60
56 61
56 62
56 63
56 64
56 65
56 66
56 67
56 68
56 69
56 70
56 71
56 72
56 73
56 74
56 75
56 76
56 77
56 78
56 79
56 80
56 81
56 82
56 83
56 84
56 85
56 86
56 87
56 88
56 89
56 90
56 91
56 92
56 93
56 94
56 95
56 96
56 97
56 98
56 99
57 64
57 65
57 74
57 76
57 78
57 89
57 92
58 59
58 60
58 61
58 62
58 63
58 65
58 66
58 67
58 68
58 69
58 70
58 71
58 72
58 73
58 74
58 75
58 76
58 77
58 78
58 79
58 80
58 82
58 83
58 84
58 85
58 87
58 88
58 89
58 90
58 91
58 92
58 93
58 94
58 95
58 96
58 97
58 98
58 99
59 61
59 66
59 68
59 71
59 72
59 73
59 74
59 76
59 77
59 81
59 84
59 85
59 87
59 88
59 93
59 97
59 98
60 61
60 62
60 63
60 64
60 67
60 68
60 69
60 70
60 71
60 73
60 74
60 75
60 76
60 77
60 78
60 79
60 80
60 81
60 82
60 83
60 84
60 85
60 86
60 87
60 88
60 89
60 90
60 91
60 92
60 93
60 94
60 95
60 96
60 97
60 98
60 99
61 62
61 67
61 70
61 74
61 76
61 77
61 78
61 80
61 81
61 82
61 83
61 84
61 86
61 87
61 88
61 90
61 93
61 95
62 63
62 67
62 68
62 71
62 73
62 75
62 85
62 97
63 64
63 65
63 66
63 67
63 68
63 69
63 70
63 71
63 72
63 73
63 74
63 75
63 76
63 77
63 78
63 79
63 80
63 82
63 84
63 89
63 90
63 91
63 93
63 95
63 96
63 97
63 98
63 99
64 68
64 71
64 72
64 76
64 84
64 91
64 94
64 96
65 66
65 67
65 69
65 71
65 72
65 74
65 75
65 76
65 77
65 78
65 79
65 80
65 81
65 82
65 83
65 85
65 87
65 88
65 90
65 91
65 93
65 94
65 95
65 98
65 99
66 73
66 75
67 68
67 70
67 73
67 74
67 75
67 76
67 78
67 80
67 81
67 82
67 84
67 85
67 86
67 87
67 88
67 89
67 90
67 91
67 93
67 95
67 99
68 72
68 80
68 81
68 88
68 91
69 72
69 74
69 76
69 77
69 79
69 81
69 82
69 87
69 93
69 94
69 95
69 97
70 72
70 73
70 84
70 87
70 88
70 89
70 90
70 91
70 95
70 96
70 97
71 72
71 73
71 74
71 75
71 76
71 77
71 78
71 79
71 80
71 81
71 82
71 84
71 85
71 87
71 88
71 89
71 90
71 91
71 92
71 93
71 94
71 95
71 96
71 97
71 98
71 99
72 75
72 76
72 80
72 81
72 82
72 84
72 87
72 88
72 89
72 91
72 92
72 95
72 96
72 97
72 98
72 99
73 74
73 77
73 78
73 79
73 80
73 82
73 83
73 84
73 85
73 86
73 89
73 90
73 92
73 93
73 94
73 95
73 98
73 99
74 75
74 76
74 84
74 92
75 84
75 85
75 92
75 96
76 78
76 80
76 81
76 82
76 84
76 85
76 87
76 90
76 91
76 95
77 78
77 79
77 80
77 82
77 83
77 85
77 95
77 96
78 79
78 80
78 82
78 83
78 84
78 85
78 86
78 87
78 88
78 89
78 90
78 91
78 92
78 93
78 94
78 95
78 96
78 97
78 98
78 99
79 81
79 82
79 83
79 85
79 86
79 87
79 89
79 90
79 91
79 92
79 93
79 95
79 96
79 97
80 81
80 83
80 87
80 90
80 92
80 94
80 98
81 83
81 86
81 87
81 88
81 89
81 99
82 83
82 84
82 85
82 86
82 87
82 88
82 89
82 90
82 92
82 93
82 94
82 95
82 96
82 97
82 98
82 99
83 85
83 87
83 89
83 90
83 91
83 93
83 94
83 97
83 98
83 99
84 85
84 86
84 88
84 90
84 92
84 95
84 97
85 87
85 93
85 96
85 98
86 88
86 89
86 90
86 93
86 96
86 98
86 99
87 90
87 92
87 93
87 94
87 96
87 97
87 98
88 96
88 97
89 91
89 92
89 93
89 94
89 95
89 96
89 97
89 98
89 99
90 91
90 92
90 93
90 94
90 95
90 96
90 97
90 98
90 99
91 98
92 93
92 95
92 96
92 97
92 98
92 99
93 94
93 95
93 96
93 97
93 98
93 99
94 95
94 97
94 99
95 96
95 97
96 97
96 99
97 99
98 99
