0 1
0 3
0 4
0 5
0 10
0 11
0 12
0 13
0 14
0 15
0 16
0 17
0 18
0 19
0 20
0 22
0 23
0 24
0 26
0 27
0 30
0 31
0 33
0 34
0 36
0 37
0 38
0 39
0 41
0 43
0 44
0 45
0 46
0 48
0 49
0 50
0 51
0 52
0 53
0 54
0 55
0 56
0 59
0 61
0 63
0 66
0 67
0 69
0 70
0 71
0 72
0 75
0 76
0 77
0 78
0 81
0 82
0 83
0 84
0 85
0 86
0 87
0 90
0 91
0 93
0 94
0 95
0 96
0 97
0 98
0 99
1 2
1 3
1 4
1 5
1 6
1 7
1 8
1 9
1 10
1 11
1 12
1 13
1 14
1 15
1 16
1 17
1 18
1 19
1 20
1 21
1 22
1 23
1 24
1 25
1 26
1 27
1 28
1 29
1 30
1 31
1 32
1 33
1 34
1 35
1 36
1 37
1 38
1 39
1 40
1 41
1 42
1 43
1 44
1 45
1 46
1 47
1 48
1 49
1 50
1 51
1 52
1 53
1 54
1 55
1 56
1 57
1 58
1 59
1 60
1 61
1 62
1 63
1 64
1 65
1 66
1 67
1 68
1 70
1 71
1 72
1 73
1 74
1 75
1 76
1 77
1 78
1 79
1 80
1 81
1 82
1 83
1 84
1 85
1 86
1 87
1 88
1 89
1 90
1 91
1 92
1 93
1 94
1 95
1 96
1 97
1 98
1 99
2 3
2 4
2 5
2 6
2 7
2 9
2 10
2 12
2 14
2 15
2 17
2 18
2 20
2 21
2 24
2 25
2 26
2 28
2 29
2 31
2 33
2 35
2 39
2 40
2 42
2 43
2 44
2 46
2 49
2 50
2 52
2 53
2 54
2 57
2 58
2 59
2 60
2 66
2 70
2 72
2 74
2 79
2 81
2 82
2 83
2 84
2 86
2 87
2 88
2 90
2 92
2 95
2 96
2 97
2 98
3 6
3 9
3 10
3 11
3 12
3 16
3 23
3 26
3 29
3 30
3 32
3 33
3 36
3 38
3 39
3 41
3 42
3 43
3 44
3 45
3 48
3 51
3 55
3 61
3 62
3 63
3 64
3 67
3 70
3 75
3 78
3 80
3 84
3 85
3 87
3 90
3 93
3 95
3 98
3 99
4 5
4 6
4 7
4 8
4 9
4 10
4 11
4 12
4 13
4 14
4 15
4 16
4 17
4 18
4 19
4 21
4 22
4 23
4 24
4 25
4 26
4 27
4 28
4 29
4 30
4 31
4 32
4 33
4 34
4 35
4 36
4 37
4 39
4 41
4 43
4 44
4 45
4 46
4 47
4 48
4 50
4 51
4 52
4 53
4 54
4 55
4 56
4 57
4 58
4 59
4 60
4 61
4 62
4 63
4 64
4 65
4 66
4 67
4 68
4 69
4 70
4 71
4 72
4 74
4 75
4 76
4 77
4 78
4 79
4 80
4 81
4 82
4 84
4 85
4 86
4 87
4 88
4 90
4 91
4 92
4 93
4 94
4 95
4 96
4 97
4 98
4 99
5 11
5 13
5 15
5 22
5 46
5 49
5 51
5 62
5 68
5 70
5 85
5 88
5 89
6 7
6 8
6 9
6 10
6 13
6 14
6 15
6 16
6 17
6 18
6 19
6 20
6 21
6 23
6 24
6 25
6 26
6 32
6 33
6 34
6 35
6 36
6 37
6 38
6 39
6 41
6 42
6 43
6 44
6 45
6 46
6 47
6 49
6 50
6 51
6 52
6 53
6 54
6 56
6 57
6 58
6 59
6 60
6 63
6 64
6 65
6 67
6 68
6 70
6 71
6 72
6 74
6 75
6 76
6 77
6 78
6 79
6 80
6 81
6 82
6 84
6 86
6 88
6 92
6 93
6 95
6 98
6 99
7 8
7 9
7 10
7 11
7 12
7 13
7 14
7 15
7 16
7 17
7 18
7 20
7 21
7 22
7 23
7 24
7 25
7 26
7 28
7 29
7 30
7 31
7 32
7 33
7 34
7 35
7 36
7 38
7 39
7 41
7 42
7 43
7 45
7 46
7 47
7 48
7 50
7 51
7 52
7 53
7 54
7 55
7 56
7 57
7 58
7 59
7 60
7 61
7 62
7 63
7 64
7 66
7 67
7 69
7 70
7 71
7 72
7 73
7 74
7 75
7 77
7 78
7 79
7 82
7 84
7 85
7 86
7 88
7 90
7 91
7 94
7 95
7 96
7 97
7 98
7 99
8 9
8 10
8 11
8 12
8 13
8 14
8 17
8 18
8 19
8 20
8 22
8 23
8 24
8 25
8 27
8 29
8 30
8 31
8 32
8 33
8 35
8 36
8 37
8 38
8 39
8 40
8 41
8 42
8 43
8 44
8 45
8 46
8 47
8 48
8 49
8 50
8 51
8 52
8 53
8 54
8 56
8 57
8 58
8 59
8 60
8 61
8 62
8 63
8 64
8 65
8 66
8 67
8 68
8 69
8 72
8 73
8 74
8 75
8 76
8 78
8 79
8 80
8 81
8 82
8 83
8 84
8 86
8 87
8 88
8 89
8 90
8 91
8 92
8 93
8 94
8 95
8 96
8 97
8 98
8 99
9 12
9 13
9 19
9 20
9 21
9 23
9 28
9 29
9 30
9 31
9 32
9 34
9 37
9 41
9 44
9 45
9 46
9 48
9 49
9 50
9 51
9 55
9 57
9 59
9 61
9 63
9 65
9 66
9 67
9 68
9 69
9 71
9 72
9 77
9 78
9 86
9 91
9 92
9 94
9 99
10 11
10 24
10 36
10 45
10 49
10 62
10 64
10 66
10 75
10 85
10 94
11 14
11 23
11 26
11 45
11 62
11 64
11 80
11 88
12 15
12 16
12 22
12 23
12 29
12 30
12 43
12 46
12 48
12 53
12 68
12 73
12 76
12 77
12 79
12 80
12 84
12 85
12 87
12 92
12 93
13 14
13 15
13 17
13 18
13 19
13 20
13 21
13 22
13 23
13 24
13 25
13 26
13 28
13 29
13 30
13 31
13 32
13 33
13 34
13 35
13 36
13 37
13 38
13 39
13 40
13 41
13 42
13 43
13 44
13 46
13 47
13 49
13 50
13 51
13 52
13 53
13 54
13 56
13 57
13 58
13 59
13 60
13 61
13 62
13 63
13 64
13 65
13 66
13 67
13 68
13 69
13 70
13 71
13 72
13 73
13 74
13 75
13 76
13 77
13 78
13 79
13 80
13 81
13 82
13 83
13 84
13 85
13 86
13 87
13 88
13 89
13 90
13 91
13 92
13 93
13 94
13 95
13 96
13 97
13 98
13 99
14 16
14 17
14 19
14 23
14 24
14 30
14 31
14 33
14 34
14 36
14 40
14 41
14 42
14 43
14 45
14 46
14 47
14 52
14 53
14 54
14 57
14 58
14 59
14 65
14 66
14 67
14 68
14 70
14 71
14 72
14 73
14 74
14 75
14 77
14 80
14 82
14 83
14 84
14 85
14 86
14 87
14 89
14 90
14 91
14 92
14 93
14 96
14 98
15 21
15 23
15 43
15 46
15 56
15 61
15 64
15 73
15 97
15 99
16 17
16 18
16 19
16 20
16 21
16 22
16 23
16 25
16 26
16 27
16 28
16 29
16 30
16 31
16 32
16 33
16 34
16 35
16 36
16 37
16 38
16 39
16 40
16 41
16 42
16 43
16 44
16 45
16 46
16 47
16 48
16 49
16 50
16 51
16 52
16 53
16 54
16 55
16 56
16 57
16 58
16 59
16 60
16 61
16 62
16 63
16 64
16 65
16 66
16 67
16 68
16 69
16 70
16 71
16 72
16 73
16 74
16 75
16 76
16 77
16 78
16 79
16 80
16 81
16 82
16 83
16 84
16 85
16 86
16 87
16 88
16 89
16 90
16 91
16 92
16 93
16 94
16 95
16 96
16 97
16 98
16 99
17 18
17 19
17 24
17 28
17 29
17 31
17 32
17 33
17 34
17 36
17 38
17 39
17 40
17 42
17 44
17 45
17 47
17 48
17 49
17 50
17 51
17 52
17 56
17 57
17 58
17 59
17 60
17 61
17 63
17 65
17 66
17 67
17 70
17 71
17 72
17 75
17 76
17 77
17 78
17 79
17 81
17 82
17 84
17 85
17 86
17 88
17 89
17 91
17 92
17 93
17 97
18 34
18 48
18 50
18 55
18 59
18 61
18 67
18 69
18 93
18 96
19 23
19 25
19 39
19 75
19 95
20 21
20 22
20 23
20 24
20 25
20 29
20 31
20 33
20 34
20 35
20 36
20 37
20 40
20 44
20 45
20 47
20 49
20 50
20 51
20 56
20 57
20 60
20 61
20 64
20 65
20 66
20 73
20 75
20 84
20 85
20 87
20 89
20 91
20 92
20 95
20 96
20 97
20 99
21 22
21 25
21 26
21 34
21 49
21 50
21 58
21 59
21 75
21 77
21 82
21 83
21 84
21 86
21 88
21 91
22 25
22 27
22 31
22 36
22 42
22 43
22 44
22 46
22 56
22 58
22 59
22 62
22 64
22 66
22 74
22 77
22 79
22 80
22 81
22 82
22 86
22 91
22 96
22 97
23 25
23 26
23 27
23 30
23 33
23 41
23 45
23 53
23 56
23 57
23 58
23 64
23 76
23 77
23 79
23 94
24 31
24 58
25 30
25 31
25 33
25 35
25 37
25 38
25 39
25 41
25 42
25 43
25 45
25 46
25 47
25 49
25 52
25 54
25 57
25 58
25 59
25 60
25 62
25 65
25 66
25 67
25 68
25 69
25 73
25 76
25 77
25 79
25 80
25 82
25 83
25 84
25 86
25 87
25 88
25 89
25 90
25 91
25 92
25 93
25 97
25 99
26 27
26 28
26 33
26 34
26 35
26 37
26 38
26 40
26 41
26 43
26 44
26 46
26 47
26 48
26 50
26 51
26 52
26 54
26 55
26 56
26 57
26 58
26 59
26 61
26 63
26 66
26 67
26 68
26 70
26 71
26 72
26 73
26 78
26 79
26 80
26 82
26 83
26 84
26 85
26 86
26 89
26 91
26 93
26 95
26 96
26 97
26 99
27 32
27 33
27 35
27 39
27 41
27 46
27 48
27 50
27 51
27 54
27 55
27 58
27 60
27 62
27 64
27 65
27 66
27 68
27 69
27 72
27 73
27 74
27 76
27 77
27 79
27 80
27 81
27 83
27 84
27 85
27 87
27 88
27 90
27 92
27 96
27 97
27 98
28 29
28 30
28 31
28 32
28 35
28 36
28 39
28 40
28 41
28 43
28 47
28 48
28 50
28 51
28 52
28 53
28 56
28 58
28 59
28 60
28 63
28 64
28 66
28 67
28 68
28 69
28 71
28 72
28 73
28 75
28 77
28 78
28 79
28 83
28 85
28 87
28 89
28 90
28 92
28 93
28 94
28 95
29 34
29 46
29 47
29 49
29 54
29 62
29 65
29 75
29 77
29 79
29 80
29 90
29 94
29 96
30 37
30 44
30 48
30 49
30 51
30 53
30 56
30 63
30 64
30 65
30 69
30 72
30 74
30 75
30 76
30 77
30 82
30 84
30 87
30 93
30 95
30 99
31 33
31 36
31 37
31 38
31 40
31 41
31 43
31 44
31 45
31 46
31 50
31 52
31 55
31 56
31 58
31 59
31 61
31 63
31 65
31 66
31 67
31 70
31 71
31 73
31 75
31 77
31 79
31 80
31 83
31 84
31 86
31 88
31 89
31 92
31 93
31 94
31 95
31 97
31 98
31 99
32 33
32 37
32 41
32 43
32 44
32 45
32 47
32 53
32 54
32 56
32 58
32 59
32 60
32 62
32 63
32 64
32 66
32 72
32 74
32 77
32 80
32 84
32 85
32 90
32 91
32 92
32 98
32 99
33 34
33 35
33 36
33 37
33 38
33 39
33 40
33 41
33 42
33 43
33 44
33 45
33 46
33 47
33 50
33 51
33 52
33 53
33 54
33 55
33 56
33 57
33 58
33 59
33 60
33 61
33 62
33 63
33 64
33 65
33 66
33 67
33 68
33 69
33 71
33 72
33 75
33 76
33 78
33 80
33 81
33 82
33 83
33 84
33 85
33 86
33 87
33 88
33 89
33 91
33 92
33 93
33 94
33 95
33 96
33 97
33 98
33 99
34 36
34 37
34 38
34 39
34 40
34 41
34 42
34 43
34 45
34 46
34 47
34 48
34 51
34 53
34 54
34 56
34 58
34 59
34 63
34 66
34 68
34 69
34 70
34 72
34 73
34 75
34 76
34 77
34 78
34 80
34 82
34 83
34 84
34 85
34 86
34 88
34 89
34 90
34 92
34 93
34 97
34 98
35 36
35 37
35 39
35 40
35 41
35 42
35 44
35 45
35 46
35 48
35 49
35 50
35 51
35 52
35 53
35 54
35 55
35 56
35 57
35 58
35 59
35 60
35 61
35 62
35 63
35 64
35 65
35 66
35 67
35 68
35 69
35 70
35 71
35 73
35 74
35 75
35 77
35 78
35 79
35 80
35 81
35 82
35 84
35 85
35 87
35 88
35 89
35 90
35 91
35 92
35 93
35 94
35 96
35 98
35 99
36 37
36 51
36 58
36 60
36 63
36 65
36 78
36 89
36 94
37 42
37 47
37 48
37 53
37 56
37 60
37 67
37 72
37 78
37 80
37 81
37 83
37 98
38 39
38 41
38 43
38 44
38 45
38 47
38 52
38 54
38 55
38 56
38 59
38 60
38 61
38 62
38 63
38 64
38 65
38 66
38 67
38 68
38 69
38 71
38 74
38 76
38 78
38 79
38 84
38 85
38 86
38 88
38 89
38 91
38 92
38 94
38 95
38 98
38 99
39 41
39 42
39 44
39 45
39 46
39 47
39 49
39 51
39 52
39 55
39 56
39 57
39 59
39 60
39 61
39 62
39 63
39 64
39 65
39 66
39 67
39 68
39 70
39 71
39 72
39 74
39 75
39 76
39 77
39 79
39 81
39 82
39 84
39 85
39 87
39 88
39 89
39 90
39 91
39 94
39 95
39 96
39 98
39 99
40 43
40 44
40 45
40 46
40 47
40 50
40 52
40 53
40 56
40 57
40 58
40 59
40 62
40 70
40 73
40 74
40 77
40 78
40 79
40 81
40 82
40 83
40 85
40 86
40 87
40 89
40 91
40 92
40 95
40 97
41 44
41 53
41 54
41 89
41 93
42 45
42 46
42 47
42 48
42 49
42 50
42 52
42 55
42 56
42 57
42 62
42 64
42 66
42 68
42 71
42 72
42 73
42 74
42 78
42 79
42 82
42 83
42 85
42 91
42 95
42 96
42 97
43 44
43 45
43 48
43 50
43 52
43 53
43 56
43 57
43 64
43 69
43 71
43 72
43 74
43 76
43 77
43 78
43 79
43 80
43 81
43 82
43 83
43 85
43 87
43 91
43 92
43 94
43 95
43 96
43 99
44 46
44 47
44 48
44 49
44 51
44 53
44 57
44 58
44 59
44 60
44 61
44 62
44 63
44 65
44 66
44 67
44 68
44 69
44 70
44 71
44 72
44 74
44 76
44 77
44 79
44 80
44 81
44 82
44 83
44 86
44 88
44 89
44 92
44 95
44 96
44 97
44 98
45 47
45 53
45 57
45 58
45 63
45 68
45 72
45 75
45 77
45 78
45 79
45 82
45 93
45 95
45 99
46 68
46 83
46 94
47 48
47 49
47 54
47 55
47 56
47 58
47 59
47 61
47 63
47 64
47 65
47 66
47 67
47 68
47 69
47 71
47 72
47 73
47 74
47 75
47 79
47 81
47 82
47 83
47 84
47 85
47 89
47 90
47 93
47 95
47 96
47 97
47 98
47 99
48 50
48 54
48 56
48 63
48 73
48 76
48 83
48 85
48 87
48 95
48 97
49 73
49 82
50 54
50 55
50 56
50 57
50 61
50 65
50 67
50 68
50 69
50 70
50 71
50 72
50 78
50 79
50 80
50 81
50 83
50 85
50 88
50 89
50 90
50 91
50 93
50 94
50 98
50 99
51 52
51 54
51 55
51 56
51 57
51 58
51 59
51 60
51 61
51 62
51 63
51 64
51 65
51 66
51 67
51 68
51 69
51 70
51 71
51 72
51 73
51 74
51 75
51 76
51 77
51 78
51 79
51 80
51 81
51 82
51 83
51 84
51 85
51 86
51 87
51 88
51 89
51 90
51 91
51 92
51 93
51 94
51 95
51 96
51 97
51 98
51 99
52 53
52 56
52 57
52 59
52 60
52 61
52 62
52 63
52 64
52 65
52 66
52 67
52 68
52 69
52 70
52 71
52 72
52 73
52 74
52 75
52 77
52 78
52 82
52 83
52 84
52 87
52 88
52 89
52 90
52 91
52 92
52 93
52 94
52 95
52 96
52 98
52 99
53 54
53 55
53 56
53 57
53 59
53 60
53 61
53 62
53 65
53 66
53 67
53 68
53 69
53 70
53 71
53 72
53 73
53 74
53 75
53 76
53 78
53 79
53 80
53 81
53 82
53 83
53 84
53 85
53 86
53 87
53 88
53 89
53 90
53 91
53 92
53 93
53 96
53 97
53 98
53 99
54 55
54 57
54 58
54 59
54 60
54 62
54 64
54 65
54 66
54 68
54 69
54 71
54 72
54 73
54 74
54 75
54 76
54 77
54 78
54 82
54 83
54 84
54 85
54 86
54 87
54 88
54 89
54 93
54 94
54 96
54 97
54 98
54 99
55 61
55 63
55 66
55 67
55 69
55 70
55 72
55 73
55 76
55 77
55 78
55 79
55 80
55 83
55 84
55 85
55 87
55 88
55 92
55 94
56 57
56 59
56 60
56 61
56 62
56 63
56 64
56 66
56 68
56 69
56 70
56 71
56 72
56 74
56 75
56 76
56 77
56 78
56 79
56 80
56 81
56 82
56 86
56 87
56 88
56 89
56 90
56 92
56 93
56 94
56 96
56 97
56 98
57 60
57 61
57 63
57 69
57 72
57 73
57 76
57 80
57 87
57 96
57 97
58 59
58 60
58 62
58 64
58 66
58 67
58 68
58 69
58 70
58 71
58 73
58 74
58 76
58 78
58 79
58 80
58 81
58 82
58 83
58 84
58 86
58 89
58 90
58 91
58 93
58 94
58 96
58 97
58 98
58 99
59 60
59 61
59 62
59 63
59 64
59 66
59 67
59 68
59 70
59 71
59 72
59 73
59 74
59 75
59 76
59 79
59 80
59 81
59 82
59 83
59 84
59 85
59 86
59 87
59 88
59 89
59 90
59 91
59 92
59 94
59 95
59 96
59 97
59 98
59 99
60 67
60 71
60 74
60 80
60 82
60 87
60 96
61 62
61 66
61 68
61 69
61 70
61 71
61 79
61 81
61 85
61 86
61 88
61 89
61 90
61 91
61 92
61 93
61 96
61 98
61 99
62 63
62 65
62 66
62 67
62 68
62 69
62 70
62 71
62 72
62 73
62 74
62 75
62 78
62 79
62 80
62 81
62 83
62 84
62 85
62 86
62 87
62 88
62 89
62 90
62 91
62 92
62 93
62 94
62 95
62 96
62 97
62 98
62 99
63 65
63 66
63 67
63 68
63 69
63 70
63 72
63 74
63 75
63 81
63 83
63 84
63 88
63 89
63 92
63 93
63 94
63 96
63 99
64 70
64 76
64 83
64 86
64 93
64 98
65 69
65 75
65 78
65 80
65 81
65 82
65 87
65 89
65 93
65 96
65 99
66 68
66 69
66 70
66 71
66 73
66 75
66 76
66 78
66 79
66 81
66 82
66 83
66 85
66 87
66 89
66 90
66 91
66 92
66 94
66 97
66 98
67 74
67 81
67 83
67 87
67 88
67 90
67 93
67 95
67 97
68 69
68 70
68 71
68 72
68 73
68 74
68 75
68 76
68 77
68 78
68 79
68 80
68 81
68 82
68 83
68 84
68 85
68 86
68 88
68 89
68 90
68 91
68 92
68 93
68 94
68 95
68 96
68 97
68 98
68 99
69 70
69 71
69 72
69 73
69 74
69 75
69 76
69 77
69 79
69 80
69 81
69 82
69 83
69 84
69 85
69 86
69 87
69 88
69 89
69 90
69 91
69 92
69 93
69 94
69 95
69 96
69 97
69 98
69 99
70 73
70 74
70 77
70 79
70 84
70 86
70 98
70 99
71 72
71 73
71 74
71 75
71 76
71 78
71 80
71 81
71 82
71 84
71 88
71 89
71 90
71 92
71 93
71 97
72 73
72 75
72 76
72 77
72 78
72 79
72 80
72 81
72 82
72 83
72 84
72 85
72 86
72 87
72 88
72 90
72 91
72 92
72 94
72 95
72 96
72 97
72 98
72 99
73 75
73 76
73 77
73 78
73 79
73 80
73 81
73 82
73 83
73 84
73 85
73 86
73 87
73 88
73 90
73 92
73 93
73 97
73 98
74 80
74 85
74 86
74 95
74 96
75 78
75 80
75 81
75 83
75 84
75 89
75 91
75 93
75 95
75 96
75 99
76 78
76 79
76 81
76 84
76 85
76 88
76 89
77 78
77 80
77 81
77 82
77 83
77 93
77 94
77 96
77 99
78 80
78 81
78 82
78 85
78 87
78 88
78 90
78 93
78 94
78 99
79 81
79 82
79 94
79 95
79 98
80 82
80 92
80 94
81 95
82 85
82 86
82 92
82 95
82 96
83 85
83 87
83 88
83 89
83 90
83 92
83 93
83 94
83 95
83 96
83 97
83 98
83 99
84 85
84 86
84 87
84 88
84 89
84 90
84 92
84 94
84 95
84 96
84 98
85 86
85 87
85 88
85 89
85 90
85 91
85 92
85 93
85 94
85 95
85 96
85 97
85 98
85 99
86 97
86 99
87 88
87 89
87 90
87 91
87 92
87 93
87 94
87 95
87 96
87 97
87 98
87 99
88 89
88 90
88 91
88 92
88 93
88 94
88 95
88 96
88 97
88 98
89 90
89 91
89 92
89 94
89 95
89 97
89 98
89 99
90 91
90 92
90 94
90 95
90 98
90 99
91 98
91 99
92 93
92 94
92 95
92 98
92 99
93 96
93 99
94 95
94 97
94 98
95 96
95 97
95 98
95 99
96 98
97 98
97 99
98 99
