0 2
0 3
0 4
0 6
0 7
0 8
0 9
0 11
0 12
0 13
0 14
0 15
0 16
0 19
0 20
0 22
0 23
0 24
0 25
0 27
0 30
0 31
0 32
0 33
0 34
0 35
0 36
0 37
0 39
0 43
0 44
0 45
0 46
0 47
0 50
0 51
0 54
0 56
0 58
0 59
0 60
0 61
0 65
0 66
0 67
0 69
0 70
0 71
0 73
0 76
0 78
0 79
0 80
0 81
0 82
0 83
0 85
0 86
0 87
0 88
0 89
0 90
0 91
0 92
0 93
0 94
0 97
0 98
0 99
1 3
1 8
1 10
1 72
1 95
1 98
2 3
2 9
2 10
2 14
2 15
2 16
2 17
2 21
2 23
2 24
2 28
2 31
2 33
2 40
2 41
2 42
2 46
2 49
2 54
2 55
2 58
2 59
2 63
2 64
2 65
2 66
2 67
2 73
2 80
2 83
2 87
2 89
2 94
2 96
2 97
2 99
3 4
3 9
3 10
3 13
3 15
3 17
3 19
3 20
3 21
3 22
3 23
3 27
3 30
3 33
3 35
3 36
3 41
3 43
3 45
3 46
3 47
3 49
3 54
3 57
3 58
3 59
3 61
3 63
3 64
3 65
3 69
3 70
3 75
3 78
3 80
3 81
3 83
3 86
3 87
3 89
3 91
3 92
3 93
3 96
3 98
3 99
4 8
4 15
4 17
4 22
4 25
4 27
4 30
4 32
4 33
4 37
4 38
4 39
4 41
4 44
4 45
4 47
4 49
4 53
4 56
4 61
4 66
4 69
4 71
4 73
4 74
4 76
4 94
4 98
5 6
5 7
5 9
5 11
5 15
5 18
5 19
5 21
5 26
5 31
5 32
5 36
5 40
5 41
5 42
5 43
5 47
5 52
5 54
5 55
5 56
5 57
5 58
5 60
5 65
5 66
5 68
5 71
5 72
5 73
5 75
5 76
5 78
5 79
5 80
5 82
5 88
5 90
5 93
5 95
5 99
6 8
6 9
6 10
6 12
6 13
6 17
6 22
6 23
6 24
6 25
6 27
6 31
6 33
6 34
6 35
6 37
6 40
6 42
6 44
6 45
6 47
6 48
6 50
6 52
6 53
6 54
6 56
6 57
6 58
6 59
6 62
6 63
6 64
6 65
6 67
6 68
6 70
6 74
6 75
6 77
6 80
6 81
6 82
6 83
6 84
6 85
6 87
6 89
6 91
6 92
6 93
6 94
6 95
6 96
6 97
6 99
7 13
7 16
7 21
7 24
7 32
7 34
7 35
7 36
7 38
7 51
7 59
7 87
7 93
8 11
8 16
8 31
8 34
8 35
8 36
8 42
8 44
8 47
8 52
8 53
8 60
8 63
8 68
8 71
8 73
8 74
8 75
8 77
8 78
8 83
8 87
8 90
8 94
9 10
9 11
9 12
9 17
9 18
9 26
9 27
9 28
9 29
9 34
9 37
9 38
9 39
9 45
9 46
9 48
9 51
9 54
9 55
9 56
9 58
9 59
9 62
9 66
9 68
9 70
9 71
9 73
9 76
9 77
9 82
9 84
9 88
9 90
9 97
9 99
10 84
11 12
11 18
11 19
11 20
11 21
11 24
11 26
11 27
11 29
11 32
11 43
11 44
11 45
11 46
11 50
11 53
11 59
11 63
11 67
11 68
11 71
11 72
11 74
11 76
11 77
11 80
11 81
11 82
11 85
11 86
11 87
11 93
11 99
12 14
12 15
12 25
12 27
12 28
12 29
12 31
12 35
12 37
12 39
12 41
12 44
12 47
12 54
12 58
12 64
12 67
12 70
12 72
12 73
12 88
12 97
12 99
13 14
13 15
13 17
13 18
13 19
13 21
13 23
13 24
13 25
13 27
13 29
13 31
13 33
13 34
13 35
13 36
13 37
13 38
13 39
13 40
13 42
13 43
13 44
13 45
13 48
13 49
13 50
13 52
13 53
13 54
13 56
13 57
13 60
13 62
13 63
13 64
13 65
13 66
13 67
13 68
13 69
13 72
13 73
13 75
13 77
13 78
13 79
13 81
13 83
13 84
13 85
13 86
13 87
13 88
13 89
13 90
13 91
13 92
13 93
13 94
13 95
13 96
13 97
13 98
14 15
14 24
14 30
14 57
14 69
14 74
14 87
14 90
14 95
15 16
15 17
15 18
15 19
15 20
15 21
15 22
15 23
15 25
15 26
15 27
15 28
15 29
15 31
15 32
15 33
15 34
15 35
15 36
15 37
15 38
15 39
15 40
15 41
15 43
15 44
15 45
15 46
15 47
15 48
15 49
15 50
15 51
15 52
15 53
15 55
15 56
15 57
15 58
15 62
15 64
15 65
15 66
15 67
15 68
15 69
15 70
15 71
15 72
15 73
15 74
15 75
15 76
15 77
15 78
15 79
15 80
15 81
15 82
15 83
15 84
15 85
15 86
15 87
15 88
15 89
15 90
15 91
15 92
15 93
15 94
15 96
15 97
15 98
15 99
16 20
16 28
16 53
16 68
16 71
16 82
16 83
16 85
16 87
16 91
16 96
17 18
17 19
17 20
17 21
17 22
17 23
17 24
17 26
17 29
17 31
17 34
17 35
17 36
17 37
17 40
17 42
17 43
17 44
17 45
17 47
17 49
17 50
17 53
17 54
17 55
17 58
17 60
17 62
17 65
17 66
17 67
17 70
17 71
17 73
17 75
17 76
17 78
17 82
17 83
17 85
17 88
17 89
17 92
17 94
17 95
17 96
17 99
18 31
18 41
19 22
19 26
19 28
19 30
19 31
19 32
19 36
19 37
19 40
19 42
19 45
19 57
19 58
19 64
19 66
19 73
19 77
19 82
19 86
19 92
19 98
20 21
20 22
20 23
20 24
20 25
20 26
20 27
20 28
20 29
20 30
20 32
20 33
20 34
20 35
20 36
20 38
20 39
20 40
20 41
20 42
20 43
20 44
20 45
20 46
20 47
20 48
20 49
20 51
20 52
20 53
20 54
20 55
20 56
20 57
20 58
20 59
20 60
20 61
20 62
20 63
20 64
20 65
20 66
20 67
20 68
20 69
20 70
20 71
20 72
20 73
20 74
20 75
20 76
20 77
20 78
20 79
20 80
20 81
20 82
20 83
20 84
20 85
20 86
20 87
20 88
20 89
20 90
20 91
20 92
20 93
20 94
20 95
20 96
20 97
20 99
21 22
21 23
21 24
21 25
21 26
21 27
21 28
21 29
21 30
21 32
21 33
21 34
21 35
21 37
21 38
21 39
21 40
21 41
21 42
21 43
21 44
21 45
21 46
21 47
21 48
21 49
21 52
21 54
21 56
21 57
21 58
21 59
21 60
21 62
21 66
21 67
21 69
21 70
21 71
21 72
21 73
21 74
21 75
21 76
21 77
21 78
21 79
21 80
21 82
21 83
21 84
21 85
21 86
21 87
21 88
21 90
21 91
21 92
21 93
21 94
21 95
21 96
21 97
21 98
21 99
22 23
22 24
22 28
22 30
22 31
22 34
22 36
22 40
22 41
22 44
22 46
22 49
22 51
22 52
22 56
22 61
22 63
22 64
22 72
22 73
22 74
22 75
22 76
22 78
22 79
22 80
22 83
22 85
22 86
22 87
22 91
22 94
22 95
22 97
23 24
23 25
23 26
23 27
23 28
23 29
23 30
23 32
23 33
23 34
23 35
23 37
23 38
23 39
23 40
23 41
23 42
23 43
23 44
23 46
23 47
23 49
23 50
23 51
23 52
23 53
23 54
23 56
23 57
23 58
23 59
23 62
23 63
23 64
23 67
23 69
23 71
23 72
23 73
23 75
23 76
23 77
23 79
23 80
23 81
23 82
23 83
23 84
23 85
23 89
23 90
23 91
23 92
23 93
23 94
23 97
23 98
23 99
24 25
24 29
24 34
24 42
24 48
24 59
24 81
24 88
25 27
25 28
25 30
25 32
25 33
25 35
25 37
25 38
25 39
25 40
25 41
25 43
25 44
25 47
25 48
25 50
25 52
25 54
25 56
25 57
25 58
25 60
25 62
25 63
25 64
25 66
25 67
25 68
25 69
25 71
25 72
25 73
25 77
25 78
25 79
25 81
25 82
25 84
25 85
25 86
25 88
25 89
25 92
25 95
25 96
25 98
25 99
26 27
26 28
26 29
26 30
26 31
26 32
26 33
26 34
26 35
26 36
26 37
26 38
26 39
26 40
26 41
26 42
26 43
26 44
26 45
26 46
26 47
26 48
26 49
26 50
26 51
26 52
26 53
26 54
26 55
26 56
26 57
26 58
26 59
26 60
26 61
26 62
26 63
26 64
26 65
26 66
26 67
26 68
26 69
26 70
26 71
26 72
26 73
26 74
26 75
26 76
26 77
26 78
26 79
26 80
26 81
26 82
26 83
26 84
26 85
26 86
26 87
26 88
26 89
26 90
26 91
26 92
26 93
26 94
26 95
26 96
26 97
26 98
26 99
27 40
27 51
27 64
27 66
27 68
27 85
28 29
28 31
28 32
28 33
28 35
28 36
28 37
28 38
28 42
28 46
28 48
28 49
28 50
28 51
28 52
28 53
28 54
28 55
28 56
28 57
28 58
28 59
28 60
28 62
28 67
28 69
28 70
28 71
28 72
28 74
28 76
28 79
28 80
28 81
28 84
28 85
28 86
28 87
28 88
28 90
28 92
28 93
28 94
28 96
28 97
28 98
28 99
29 31
29 32
29 34
29 35
29 36
29 37
29 38
29 39
29 40
29 41
29 42
29 43
29 44
29 45
29 46
29 48
29 52
29 53
29 54
29 56
29 58
29 59
29 61
29 62
29 64
29 67
29 68
29 69
29 70
29 71
29 72
29 73
29 74
29 75
29 76
29 77
29 80
29 81
29 82
29 83
29 84
29 85
29 87
29 88
29 89
29 90
29 91
29 92
29 93
29 94
29 95
30 31
30 32
30 34
30 35
30 37
30 38
30 40
30 42
30 43
30 45
30 46
30 48
30 50
30 51
30 52
30 53
30 54
30 55
30 57
30 58
30 59
30 60
30 61
30 62
30 63
30 64
30 65
30 66
30 68
30 72
30 73
30 75
30 76
30 78
30 79
30 80
30 81
30 82
30 83
30 84
30 87
30 89
30 90
30 91
30 94
30 95
30 96
30 98
30 99
31 32
31 34
31 41
31 43
31 44
31 48
31 49
31 51
31 53
31 54
31 57
31 62
31 63
31 73
31 74
31 84
31 90
31 94
31 96
31 99
32 37
32 40
32 41
32 44
32 82
32 84
32 86
32 88
32 93
32 97
32 98
33 34
33 35
33 36
33 37
33 38
33 39
33 40
33 41
33 42
33 43
33 44
33 45
33 46
33 47
33 48
33 49
33 50
33 51
33 52
33 53
33 54
33 55
33 56
33 57
33 58
33 59
33 60
33 61
33 62
33 63
33 64
33 65
33 66
33 67
33 68
33 69
33 70
33 72
33 73
33 74
33 75
33 76
33 77
33 78
33 79
33 80
33 81
33 82
33 83
33 84
33 85
33 86
33 87
33 89
33 90
33 91
33 92
33 93
33 94
33 96
33 97
33 98
33 99
34 35
34 36
34 37
34 39
34 40
34 41
34 44
34 45
34 46
34 49
34 50
34 51
34 52
34 56
34 57
34 58
34 59
34 60
34 61
34 63
34 64
34 65
34 66
34 67
34 68
34 69
34 70
34 71
34 73
34 75
34 76
34 78
34 80
34 81
34 82
34 83
34 85
34 86
34 87
34 88
34 89
34 91
34 92
34 93
34 95
34 96
34 98
34 99
35 38
35 40
35 42
35 43
35 44
35 46
35 54
35 58
35 60
35 62
35 63
35 64
35 66
35 67
35 77
35 81
35 88
35 89
35 91
35 97
35 98
36 40
36 59
36 91
37 40
37 43
37 45
37 46
37 47
37 53
37 57
37 59
37 60
37 61
37 64
37 66
37 67
37 68
37 69
37 70
37 72
37 74
37 76
37 78
37 81
37 83
37 84
37 85
37 86
37 89
37 92
37 94
37 98
38 39
38 41
38 45
38 48
38 50
38 52
38 53
38 54
38 58
38 60
38 61
38 63
38 64
38 65
38 67
38 68
38 71
38 72
38 75
38 77
38 78
38 79
38 81
38 85
38 86
38 87
38 89
38 92
38 93
38 95
38 97
38 98
38 99
39 49
39 51
39 52
39 53
39 54
39 57
39 63
39 67
39 73
39 75
39 77
39 80
39 85
39 88
39 89
40 41
40 42
40 43
40 49
40 50
40 51
40 52
40 53
40 54
40 55
40 56
40 61
40 62
40 65
40 67
40 68
40 70
40 71
40 72
40 73
40 74
40 76
40 77
40 81
40 83
40 84
40 85
40 86
40 87
40 88
40 89
40 94
40 95
40 96
40 97
40 98
40 99
41 42
41 43
41 44
41 45
41 46
41 49
41 50
41 54
41 55
41 56
41 57
41 58
41 63
41 64
41 65
41 70
41 72
41 74
41 77
41 78
41 80
41 82
41 84
41 85
41 89
41 90
41 91
41 92
41 93
41 94
41 95
41 96
41 97
42 44
42 45
42 47
42 52
42 53
42 59
42 60
42 64
42 67
42 68
42 70
42 79
42 81
42 83
42 84
42 87
42 88
42 91
42 92
42 94
43 44
43 45
43 46
43 47
43 48
43 49
43 50
43 52
43 53
43 54
43 55
43 56
43 57
43 58
43 59
43 60
43 61
43 62
43 63
43 64
43 66
43 67
43 68
43 69
43 70
43 71
43 73
43 74
43 75
43 79
43 81
43 82
43 83
43 84
43 86
43 87
43 89
43 90
43 91
43 93
43 94
43 95
43 96
43 98
43 99
44 45
44 46
44 47
44 48
44 49
44 50
44 51
44 52
44 53
44 54
44 55
44 56
44 57
44 58
44 59
44 60
44 62
44 64
44 65
44 66
44 67
44 68
44 69
44 70
44 71
44 72
44 74
44 75
44 76
44 77
44 79
44 80
44 82
44 84
44 85
44 87
44 88
44 90
44 91
44 92
44 93
44 94
44 95
44 96
44 98
44 99
45 46
45 47
45 51
45 52
45 53
45 54
45 55
45 56
45 57
45 58
45 60
45 61
45 62
45 63
45 64
45 65
45 66
45 67
45 68
45 69
45 70
45 71
45 73
45 74
45 75
45 77
45 78
45 79
45 81
45 82
45 83
45 84
45 85
45 88
45 90
45 91
45 93
45 94
45 95
45 97
45 98
45 99
46 48
46 50
46 51
46 53
46 54
46 55
46 58
46 59
46 60
46 64
46 68
46 71
46 72
46 73
46 76
46 77
46 78
46 79
46 84
46 85
46 88
46 89
46 90
46 95
46 96
46 98
46 99
47 48
47 49
47 50
47 51
47 52
47 53
47 54
47 55
47 56
47 57
47 58
47 59
47 60
47 61
47 62
47 63
47 64
47 65
47 67
47 68
47 69
47 70
47 71
47 72
47 73
47 74
47 75
47 76
47 77
47 78
47 79
47 80
47 81
47 82
47 83
47 84
47 85
47 86
47 87
47 88
47 89
47 90
47 91
47 92
47 93
47 94
47 95
47 97
47 98
47 99
48 49
48 50
48 51
48 52
48 53
48 54
48 55
48 56
48 57
48 58
48 59
48 60
48 61
48 62
48 63
48 64
48 65
48 66
48 67
48 68
48 69
48 70
48 71
48 72
48 73
48 74
48 76
48 77
48 78
48 79
48 80
48 81
48 82
48 83
48 84
48 85
48 86
48 87
48 88
48 89
48 90
48 91
48 92
48 93
48 94
48 95
48 96
48 97
48 98
48 99
49 59
49 66
49 70
49 78
49 82
49 84
49 90
49 92
50 51
50 54
50 59
50 61
50 64
50 66
50 70
50 71
50 74
50 78
50 87
50 91
50 92
50 93
51 52
51 53
51 54
51 55
51 56
51 58
51 62
51 65
51 66
51 67
51 69
51 70
51 71
51 73
51 74
51 75
51 76
51 77
51 78
51 79
51 80
51 81
51 83
51 85
51 86
51 87
51 89
51 91
51 92
51 93
51 94
51 95
51 96
51 97
51 98
52 53
52 54
52 55
52 56
52 57
52 58
52 59
52 61
52 62
52 64
52 65
52 66
52 67
52 68
52 70
52 71
52 72
52 73
52 75
52 76
52 77
52 79
52 80
52 82
52 83
52 84
52 85
52 86
52 87
52 88
52 89
52 90
52 91
52 94
52 95
52 96
52 97
52 99
53 54
53 55
53 56
53 57
53 58
53 59
53 60
53 61
53 62
53 63
53 64
53 65
53 66
53 67
53 68
53 69
53 70
53 72
53 73
53 74
53 75
53 76
53 77
53 78
53 79
53 80
53 81
53 82
53 83
53 84
53 85
53 86
53 87
53 88
53 89
53 91
53 93
53 94
53 95
53 96
53 97
53 98
53 99
54 55
54 56
54 58
54 59
54 60
54 61
54 62
54 63
54 64
54 66
54 67
54 69
54 73
54 75
54 76
54 77
54 78
54 79
54 80
54 82
54 84
54 86
54 87
54 88
54 89
54 90
54 91
54 92
54 93
54 94
54 95
54 96
54 98
54 99
55 57
55 68
55 69
55 72
55 73
55 78
55 87
55 91
55 94
55 99
56 57
56 58
56 59
56 60
56 62
56 63
56 64
56 65
56 66
56 68
56 70
56 71
56 73
56 74
56 75
56 76
56 77
56 78
56 79
56 80
56 81
56 82
56 83
56 84
56 85
56 86
56 87
56 88
56 89
56 90
56 91
56 92
56 93
56 94
56 95
56 96
56 97
56 98
56 99
57 58
57 59
57 60
57 61
57 62
57 63
57 65
57 66
57 67
57 68
57 70
57 71
57 72
57 74
57 75
57 77
57 78
57 80
57 81
57 82
57 83
57 85
57 86
57 87
57 90
57 92
57 93
57 94
57 96
57 97
58 59
58 60
58 61
58 63
58 65
58 66
58 69
58 70
58 71
58 72
58 73
58 76
58 77
58 79
58 81
58 82
58 83
58 84
58 85
58 88
58 89
58 90
58 91
58 92
58 93
58 94
58 96
58 97
58 98
58 99
59 62
59 64
59 65
59 67
59 70
59 71
59 74
59 78
59 82
59 83
59 84
59 88
59 96
59 97
59 99
60 61
60 62
60 63
60 64
60 65
60 66
60 68
60 69
60 70
60 71
60 72
60 73
60 74
60 76
60 77
60 78
60 79
60 80
60 81
60 82
60 83
60 84
60 86
60 87
60 88
60 89
60 90
60 91
60 92
60 93
60 94
60 96
60 97
60 98
61 62
61 63
61 65
61 66
61 67
61 68
61 69
61 70
61 71
61 72
61 73
61 74
61 75
61 76
61 77
61 78
61 79
61 80
61 81
61 82
61 83
61 84
61 85
61 86
61 87
61 89
61 90
61 91
61 92
61 93
61 94
61 95
61 96
61 97
61 99
62 63
62 68
62 71
62 73
62 74
62 78
62 80
62 87
62 88
62 90
62 91
62 92
62 98
62 99
63 64
63 66
63 67
63 68
63 69
63 70
63 71
63 73
63 74
63 75
63 76
63 77
63 78
63 79
63 81
63 82
63 83
63 84
63 85
63 86
63 87
63 88
63 90
63 91
63 92
63 93
63 94
63 95
63 96
63 97
63 98
63 99
64 66
64 68
64 71
64 72
64 73
64 74
64 76
64 77
64 78
64 79
64 81
64 82
64 83
64 84
64 85
64 88
64 92
64 93
64 95
64 99
65 66
65 69
65 70
65 72
65 73
65 74
65 75
65 76
65 83
65 88
65 89
65 90
65 97
65 99
66 73
66 75
66 80
66 81
66 82
66 85
66 88
66 90
66 91
66 97
67 68
67 69
67 71
67 74
67 75
67 77
67 78
67 79
67 80
67 81
67 82
67 83
67 84
67 86
67 87
67 90
67 91
67 92
67 93
67 95
67 96
67 98
68 69
68 71
68 72
68 74
68 75
68 76
68 77
68 79
68 80
68 81
68 82
68 84
68 88
68 90
68 91
68 93
68 95
68 97
68 98
68 99
69 70
69 71
69 72
69 73
69 74
69 75
69 76
69 77
69 78
69 79
69 80
69 81
69 82
69 83
69 84
69 85
69 86
69 87
69 88
69 89
69 90
69 91
69 92
69 93
69 94
69 95
69 96
69 97
69 98
69 99
70 71
70 72
70 73
70 74
70 75
70 78
70 81
70 83
70 85
70 86
70 87
70 88
70 89
70 93
70 96
70 99
71 73
71 75
71 76
71 79
71 80
71 86
71 92
71 94
71 96
71 97
71 98
72 74
72 75
72 76
72 77
72 78
72 80
72 81
72 82
72 83
72 84
72 85
72 86
72 87
72 88
72 90
72 91
72 92
72 93
72 94
72 97
72 98
72 99
73 74
73 75
73 77
73 78
73 79
73 80
73 81
73 82
73 83
73 84
73 85
73 86
73 87
73 88
73 90
73 91
73 92
73 94
73 95
73 97
73 98
73 99
74 78
74 82
74 83
74 84
74 89
74 90
74 94
74 95
74 96
74 97
75 77
75 81
75 83
75 88
75 90
75 92
75 93
76 77
76 79
76 80
76 82
76 83
76 84
76 85
76 86
76 87
76 88
76 89
76 90
76 92
76 93
76 94
76 96
76 97
76 98
76 99
77 86
77 98
78 80
78 81
78 82
78 84
78 85
78 86
78 87
78 88
78 89
78 90
78 91
78 93
78 94
78 96
78 99
79 80
79 81
79 82
79 83
79 84
79 85
79 86
79 87
79 88
79 89
79 90
79 92
79 93
79 94
79 95
79 96
79 97
79 98
79 99
80 81
80 82
80 83
80 85
80 86
80 87
80 88
80 89
80 90
80 91
80 92
80 93
80 94
80 95
80 96
80 97
80 98
80 99
81 82
81 83
81 84
81 85
81 86
81 87
81 88
81 89
81 90
81 91
81 92
81 93
81 94
81 95
81 96
81 97
81 98
81 99
82 83
82 84
82 85
82 86
82 87
82 88
82 89
82 90
82 91
82 92
82 93
82 94
82 95
82 96
82 97
82 98
82 99
83 84
83 88
83 89
83 94
83 95
84 85
84 86
84 87
84 92
84 94
85 87
85 89
85 92
85 93
85 94
85 95
85 96
85 99
86 89
86 91
86 93
86 96
87 88
87 90
87 91
87 93
87 94
87 95
87 96
87 98
88 89
88 90
88 93
88 96
88 97
88 98
88 99
89 90
89 98
90 91
90 92
90 93
90 94
90 95
90 96
90 97
90 98
90 99
91 93
91 94
91 96
91 97
91 98
91 99
92 93
92 94
92 95
92 97
92 98
92 99
93 94
94 96
94 99
95 97
95 98
95 99
96 98
97 98
98 99
