0 16
0 32
0 33
0 37
0 51
0 59
0 70
0 81
0 82
0 89
0 91
0 96
1 10
1 12
1 22
1 23
1 25
1 29
1 35
1 39
1 40
1 46
1 50
1 56
1 60
1 61
1 64
1 65
1 69
1 71
1 72
1 74
1 79
1 92
2 6
2 7
2 8
2 9
2 10
2 11
2 12
2 13
2 14
2 15
2 17
2 18
2 19
2 20
2 23
2 25
2 26
2 27
2 28
2 29
2 30
2 32
2 33
2 34
2 36
2 38
2 40
2 43
2 44
2 45
2 46
2 47
2 50
2 52
2 55
2 57
2 58
2 60
2 61
2 62
2 63
2 64
2 65
2 66
2 67
2 68
2 69
2 70
2 71
2 72
2 73
2 74
2 75
2 76
2 79
2 80
2 81
2 82
2 83
2 84
2 86
2 87
2 88
2 89
2 90
2 91
2 92
2 94
2 96
2 97
2 98
2 99
3 4
3 6
3 7
3 16
3 17
3 19
3 20
3 21
3 22
3 24
3 25
3 26
3 29
3 33
3 34
3 37
3 38
3 39
3 40
3 41
3 43
3 46
3 48
3 50
3 52
3 54
3 57
3 58
3 60
3 62
3 64
3 66
3 68
3 72
3 74
3 75
3 78
3 79
3 81
3 82
3 85
3 87
3 89
3 90
3 92
3 94
3 95
3 98
3 99
4 7
4 9
4 10
4 11
4 13
4 14
4 15
4 17
4 18
4 20
4 21
4 22
4 24
4 25
4 27
4 28
4 29
4 30
4 31
4 32
4 33
4 34
4 36
4 38
4 40
4 41
4 44
4 45
4 46
4 47
4 48
4 49
4 50
4 51
4 52
4 53
4 54
4 55
4 59
4 61
4 63
4 66
4 67
4 68
4 69
4 72
4 73
4 74
4 75
4 76
4 77
4 80
4 81
4 82
4 83
4 84
4 86
4 88
4 89
4 91
4 92
4 93
4 95
4 97
4 98
4 99
5 6
5 7
5 8
5 10
5 12
5 13
5 14
5 15
5 16
5 17
5 18
5 19
5 20
5 21
5 22
5 23
5 24
5 25
5 26
5 27
5 28
5 29
5 30
5 32
5 33
5 34
5 35
5 36
5 37
5 38
5 39
5 40
5 41
5 42
5 43
5 44
5 45
5 46
5 47
5 48
5 49
5 50
5 51
5 52
5 53
5 54
5 55
5 57
5 58
5 59
5 60
5 61
5 62
5 63
5 64
5 65
5 66
5 67
5 69
5 70
5 72
5 73
5 74
5 75
5 76
5 77
5 78
5 79
5 80
5 81
5 82
5 83
5 84
5 85
5 87
5 88
5 89
5 90
5 91
5 92
5 93
5 95
5 96
5 97
5 98
5 99
6 9
6 13
6 14
6 15
6 17
6 25
6 29
6 30
6 31
6 32
6 33
6 39
6 40
6 41
6 45
6 48
6 50
6 55
6 58
6 60
6 62
6 70
6 75
6 77
6 78
6 79
6 81
6 85
6 86
6 88
6 94
6 97
6 99
7 9
7 10
7 12
7 14
7 15
7 16
7 17
7 19
7 20
7 21
7 22
7 23
7 24
7 25
7 26
7 27
7 28
7 29
7 30
7 31
7 32
7 33
7 34
7 35
7 37
7 38
7 39
7 41
7 44
7 45
7 46
7 47
7 48
7 49
7 50
7 52
7 53
7 54
7 55
7 56
7 57
7 58
7 59
7 60
7 61
7 62
7 63
7 64
7 65
7 66
7 67
7 68
7 69
7 70
7 71
7 72
7 73
7 74
7 75
7 76
7 77
7 79
7 81
7 82
7 83
7 84
7 85
7 86
7 87
7 89
7 90
7 91
7 92
7 93
7 94
7 95
7 96
7 97
7 98
7 99
8 11
8 19
8 20
8 25
8 31
8 38
8 41
8 42
8 56
8 58
8 64
8 65
8 70
8 71
8 75
8 77
8 80
8 83
8 93
8 96
9 10
9 13
9 14
9 16
9 17
9 33
9 35
9 41
9 44
9 45
9 46
9 47
9 50
9 56
9 57
9 59
9 62
9 65
9 71
9 75
9 79
9 80
9 82
9 83
9 92
9 95
9 97
9 98
10 11
10 12
10 13
10 14
10 15
10 17
10 18
10 19
10 21
10 22
10 23
10 25
10 26
10 27
10 29
10 30
10 31
10 32
10 33
10 34
10 35
10 36
10 38
10 39
10 40
10 41
10 42
10 43
10 44
10 45
10 46
10 47
10 48
10 49
10 50
10 51
10 52
10 53
10 55
10 56
10 57
10 58
10 59
10 60
10 61
10 63
10 64
10 65
10 66
10 68
10 70
10 71
10 73
10 74
10 75
10 77
10 78
10 79
10 80
10 82
10 83
10 84
10 85
10 86
10 88
10 89
10 91
10 92
10 93
10 95
10 96
10 98
10 99
11 12
11 14
11 15
11 16
11 17
11 18
11 20
11 26
11 27
11 28
11 29
11 30
11 31
11 32
11 33
11 34
11 37
11 38
11 39
11 42
11 44
11 45
11 46
11 47
11 49
11 50
11 52
11 53
11 54
11 55
11 58
11 61
11 63
11 64
11 65
11 66
11 67
11 68
11 69
11 71
11 72
11 73
11 74
11 75
11 77
11 78
11 79
11 80
11 81
11 82
11 84
11 85
11 87
11 88
11 89
11 92
11 93
11 95
11 96
11 98
11 99
12 13
12 14
12 15
12 16
12 17
12 18
12 19
12 20
12 21
12 22
12 23
12 25
12 26
12 27
12 28
12 29
12 30
12 31
12 32
12 33
12 34
12 35
12 36
12 37
12 38
12 39
12 40
12 41
12 42
12 45
12 46
12 47
12 49
12 50
12 51
12 52
12 54
12 55
12 56
12 57
12 61
12 62
12 63
12 64
12 65
12 66
12 67
12 68
12 69
12 70
12 71
12 72
12 73
12 74
12 75
12 76
12 77
12 78
12 79
12 80
12 81
12 82
12 83
12 85
12 86
12 87
12 88
12 89
12 90
12 91
12 92
12 93
12 94
12 95
12 96
12 97
12 98
12 99
13 16
13 17
13 18
13 19
13 20
13 21
13 22
13 23
13 24
13 25
13 28
13 29
13 31
13 32
13 33
13 34
13 35
13 36
13 37
13 40
13 41
13 42
13 43
13 44
13 45
13 50
13 51
13 52
13 53
13 54
13 55
13 56
13 59
13 60
13 61
13 62
13 66
13 68
13 69
13 70
13 73
13 76
13 77
13 78
13 79
13 81
13 82
13 83
13 84
13 85
13 86
13 87
13 89
13 90
13 92
13 93
13 94
13 95
13 96
13 99
14 81
15 16
15 17
15 18
15 19
15 20
15 21
15 22
15 23
15 24
15 25
15 26
15 27
15 28
15 29
15 30
15 31
15 32
15 33
15 34
15 35
15 36
15 37
15 38
15 39
15 40
15 41
15 42
15 43
15 44
15 45
15 46
15 47
15 48
15 49
15 50
15 51
15 52
15 53
15 54
15 55
15 56
15 57
15 58
15 59
15 60
15 61
15 62
15 63
15 64
15 65
15 66
15 67
15 68
15 69
15 70
15 71
15 72
15 73
15 74
15 75
15 76
15 77
15 78
15 79
15 81
15 82
15 83
15 84
15 85
15 86
15 87
15 88
15 89
15 90
15 91
15 92
15 93
15 94
15 95
15 96
15 97
15 98
15 99
16 18
16 19
16 21
16 22
16 23
16 24
16 27
16 32
16 33
16 34
16 39
16 40
16 45
16 46
16 47
16 48
16 49
16 50
16 54
16 56
16 61
16 62
16 63
16 64
16 66
16 69
16 72
16 74
16 78
16 79
16 83
16 84
16 87
16 90
16 91
16 92
16 94
16 98
17 19
17 27
17 31
17 34
17 38
17 42
17 44
17 45
17 50
17 52
17 57
17 59
17 75
17 76
17 89
17 96
17 98
17 99
18 19
18 20
18 21
18 22
18 23
18 24
18 25
18 26
18 27
18 28
18 29
18 30
18 31
18 32
18 33
18 35
18 36
18 37
18 38
18 39
18 40
18 41
18 42
18 43
18 44
18 45
18 46
18 47
18 49
18 50
18 51
18 52
18 53
18 54
18 55
18 56
18 57
18 58
18 59
18 60
18 61
18 62
18 63
18 64
18 65
18 66
18 67
18 68
18 69
18 70
18 71
18 72
18 73
18 74
18 75
18 76
18 77
18 78
18 79
18 80
18 81
18 82
18 83
18 84
18 85
18 86
18 87
18 88
18 89
18 90
18 91
18 92
18 93
18 94
18 95
18 96
18 97
18 98
18 99
19 20
19 26
19 36
19 37
19 46
19 51
19 54
19 67
19 70
19 74
19 77
19 78
19 81
19 84
19 89
19 93
19 97
20 21
20 22
20 24
20 25
20 26
20 27
20 29
20 30
20 31
20 32
20 33
20 34
20 35
20 36
20 37
20 38
20 39
20 40
20 42
20 43
20 44
20 45
20 46
20 47
20 48
20 49
20 50
20 51
20 52
20 53
20 54
20 55
20 56
20 57
20 58
20 59
20 60
20 61
20 62
20 63
20 64
20 65
20 66
20 67
20 68
20 69
20 71
20 72
20 73
20 74
20 75
20 76
20 77
20 78
20 79
20 80
20 81
20 83
20 84
20 85
20 86
20 87
20 88
20 89
20 90
20 91
20 92
20 93
20 94
20 95
20 96
20 98
20 99
21 22
21 23
21 24
21 25
21 26
21 29
21 34
21 35
21 36
21 37
21 38
21 40
21 41
21 42
21 45
21 47
21 48
21 49
21 50
21 52
21 54
21 57
21 60
21 63
21 67
21 68
21 73
21 76
21 80
21 81
21 82
21 86
21 87
21 88
21 91
21 92
21 93
21 94
21 98
21 99
22 23
22 24
22 26
22 27
22 28
22 29
22 30
22 31
22 36
22 37
22 41
22 42
22 43
22 44
22 45
22 46
22 47
22 48
22 49
22 52
22 53
22 54
22 55
22 56
22 58
22 59
22 60
22 61
22 63
22 65
22 66
22 67
22 70
22 71
22 73
22 74
22 75
22 76
22 78
22 79
22 80
22 82
22 83
22 84
22 85
22 86
22 87
22 88
22 90
22 93
22 94
22 96
22 97
22 98
22 99
23 51
23 72
23 80
23 86
23 87
23 89
23 91
23 95
24 25
24 26
24 27
24 28
24 29
24 30
24 31
24 32
24 33
24 34
24 35
24 36
24 37
24 38
24 39
24 40
24 42
24 43
24 44
24 45
24 46
24 47
24 48
24 49
24 50
24 51
24 52
24 53
24 54
24 55
24 57
24 58
24 59
24 60
24 61
24 62
24 63
24 64
24 65
24 66
24 67
24 68
24 69
24 70
24 71
24 72
24 73
24 74
24 76
24 77
24 78
24 79
24 80
24 81
24 82
24 83
24 84
24 85
24 86
24 87
24 88
24 90
24 91
24 92
24 93
24 94
24 95
24 96
24 97
24 98
24 99
25 27
25 28
25 30
25 33
25 45
25 51
25 54
25 55
25 67
25 79
25 86
25 93
25 96
26 28
26 29
26 32
26 34
26 35
26 36
26 37
26 38
26 39
26 42
26 43
26 44
26 45
26 46
26 47
26 48
26 51
26 57
26 58
26 59
26 60
26 61
26 62
26 63
26 64
26 69
26 71
26 72
26 74
26 77
26 80
26 81
26 82
26 83
26 86
26 89
26 91
26 93
26 94
26 95
26 96
26 97
27 28
27 31
27 32
27 35
27 39
27 40
27 43
27 44
27 45
27 47
27 49
27 51
27 53
27 54
27 55
27 59
27 64
27 66
27 71
27 74
27 77
27 78
27 84
27 85
27 87
27 92
27 94
27 95
27 96
28 29
28 35
28 40
28 42
28 67
28 74
29 35
29 46
29 59
29 60
29 66
29 79
29 83
30 31
30 32
30 33
30 34
30 35
30 36
30 37
30 38
30 39
30 40
30 41
30 42
30 43
30 44
30 45
30 47
30 48
30 49
30 50
30 51
30 52
30 53
30 54
30 55
30 56
30 57
30 58
30 59
30 60
30 61
30 62
30 63
30 64
30 65
30 66
30 67
30 68
30 69
30 70
30 71
30 72
30 73
30 74
30 75
30 76
30 77
30 78
30 79
30 80
30 81
30 82
30 83
30 84
30 85
30 86
30 87
30 88
30 89
30 90
30 91
30 92
30 93
30 94
30 95
30 97
30 98
30 99
31 32
31 33
31 37
31 39
31 40
31 43
31 44
31 45
31 47
31 48
31 49
31 50
31 52
31 53
31 54
31 56
31 57
31 58
31 59
31 61
31 63
31 64
31 65
31 66
31 69
31 71
31 72
31 73
31 74
31 76
31 77
31 78
31 79
31 80
31 81
31 82
31 83
31 84
31 85
31 86
31 87
31 89
31 91
31 92
31 97
31 98
32 33
32 34
32 36
32 38
32 39
32 40
32 42
32 43
32 44
32 45
32 46
32 47
32 48
32 49
32 50
32 51
32 53
32 54
32 55
32 56
32 57
32 58
32 59
32 60
32 61
32 63
32 66
32 67
32 68
32 69
32 70
32 72
32 73
32 74
32 75
32 77
32 78
32 79
32 80
32 81
32 82
32 84
32 85
32 86
32 88
32 89
32 90
32 91
32 92
32 93
32 95
32 96
32 97
32 99
33 35
33 38
33 39
33 40
33 43
33 47
33 51
33 52
33 53
33 54
33 56
33 57
33 59
33 60
33 62
33 64
33 69
33 72
33 73
33 74
33 86
33 89
33 91
33 92
33 93
33 98
33 99
34 47
34 96
35 36
35 37
35 40
35 44
35 46
35 48
35 51
35 53
35 54
35 57
35 60
35 61
35 62
35 66
35 68
35 69
35 75
35 76
35 77
35 82
35 84
35 85
35 91
35 93
35 94
35 98
36 37
36 43
36 44
36 46
36 48
36 49
36 50
36 52
36 56
36 60
36 63
36 65
36 69
36 71
36 72
36 76
36 79
36 81
36 82
36 84
36 85
36 91
36 96
36 98
37 39
37 40
37 42
37 43
37 44
37 45
37 46
37 48
37 49
37 51
37 54
37 56
37 57
37 58
37 59
37 61
37 62
37 63
37 64
37 65
37 66
37 67
37 68
37 71
37 72
37 73
37 74
37 75
37 76
37 77
37 78
37 79
37 81
37 82
37 83
37 84
37 85
37 86
37 87
37 88
37 89
37 90
37 91
37 93
37 94
37 95
37 96
37 97
37 98
37 99
38 41
38 42
38 43
38 44
38 45
38 46
38 47
38 48
38 49
38 52
38 55
38 57
38 58
38 59
38 60
38 62
38 63
38 65
38 66
38 67
38 68
38 69
38 70
38 71
38 72
38 73
38 74
38 75
38 76
38 77
38 78
38 79
38 80
38 83
38 84
38 85
38 86
38 87
38 88
38 89
38 90
38 92
38 93
38 94
38 96
38 98
38 99
39 89
39 97
40 41
40 43
40 45
40 46
40 50
40 51
40 54
40 57
40 58
40 59
40 60
40 62
40 63
40 66
40 68
40 70
40 71
40 72
40 74
40 76
40 77
40 78
40 79
40 81
40 82
40 83
40 84
40 85
40 91
40 93
40 95
40 96
40 99
41 42
41 43
41 44
41 45
41 46
41 47
41 48
41 49
41 50
41 51
41 52
41 53
41 54
41 55
41 56
41 57
41 58
41 59
41 60
41 62
41 63
41 64
41 65
41 66
41 67
41 68
41 69
41 70
41 71
41 72
41 73
41 74
41 75
41 76
41 77
41 78
41 79
41 80
41 81
41 82
41 83
41 84
41 85
41 86
41 87
41 88
41 89
41 90
41 91
41 92
41 93
41 94
41 95
41 96
41 97
41 98
41 99
42 43
42 44
42 47
42 48
42 49
42 50
42 51
42 52
42 53
42 55
42 58
42 59
42 60
42 61
42 62
42 63
42 69
42 73
42 74
42 76
42 79
42 80
42 85
42 89
42 90
42 91
42 93
42 94
42 96
43 44
43 45
43 47
43 48
43 49
43 50
43 51
43 52
43 53
43 54
43 55
43 56
43 57
43 58
43 60
43 61
43 62
43 63
43 64
43 65
43 66
43 67
43 68
43 69
43 70
43 71
43 72
43 73
43 74
43 75
43 76
43 77
43 78
43 79
43 80
43 81
43 82
43 83
43 84
43 85
43 86
43 87
43 88
43 89
43 90
43 91
43 92
43 93
43 94
43 95
43 96
43 97
43 98
43 99
44 45
44 47
44 48
44 49
44 50
44 51
44 53
44 54
44 55
44 56
44 57
44 58
44 59
44 60
44 61
44 66
44 68
44 69
44 70
44 72
44 73
44 74
44 76
44 77
44 79
44 80
44 81
44 82
44 83
44 85
44 88
44 89
44 90
44 91
44 92
44 95
44 96
44 97
45 48
45 50
45 66
45 98
46 47
46 48
46 49
46 50
46 52
46 53
46 55
46 56
46 57
46 59
46 60
46 61
46 62
46 63
46 64
46 65
46 66
46 68
46 69
46 70
46 71
46 72
46 73
46 74
46 75
46 76
46 77
46 78
46 79
46 80
46 81
46 83
46 84
46 85
46 86
46 87
46 88
46 89
46 90
46 92
46 93
46 94
46 95
46 96
46 97
46 98
46 99
47 51
47 78
47 89
47 97
47 98
48 49
48 54
48 60
48 70
48 75
48 82
48 83
48 89
48 92
48 93
48 97
48 98
49 52
49 53
49 54
49 55
49 56
49 58
49 61
49 63
49 64
49 65
49 66
49 67
49 69
49 71
49 72
49 74
49 75
49 76
49 78
49 80
49 81
49 91
49 92
49 98
49 99
50 53
50 54
50 55
50 56
50 57
50 59
50 60
50 62
50 66
50 67
50 70
50 71
50 73
50 74
50 75
50 76
50 80
50 82
50 83
50 84
50 85
50 86
50 88
50 90
50 91
50 93
50 95
50 96
50 97
50 98
50 99
51 52
51 53
51 55
51 56
51 57
51 58
51 60
51 61
51 62
51 63
51 64
51 65
51 66
51 67
51 68
51 69
51 70
51 71
51 72
51 73
51 74
51 75
51 76
51 77
51 78
51 79
51 80
51 81
51 82
51 83
51 84
51 85
51 86
51 87
51 88
51 89
51 90
51 91
51 92
51 93
51 94
51 95
51 96
51 97
51 98
52 54
52 56
52 58
52 60
52 62
52 63
52 64
52 66
52 67
52 68
52 69
52 70
52 71
52 74
52 79
52 81
52 83
52 90
52 91
52 94
52 95
53 58
53 67
53 70
53 71
53 74
53 76
53 77
53 78
53 83
53 85
53 86
53 87
53 88
53 89
53 90
53 93
53 94
53 96
53 97
54 55
54 56
54 57
54 58
54 59
54 60
54 61
54 62
54 63
54 64
54 65
54 66
54 67
54 68
54 69
54 70
54 71
54 72
54 73
54 74
54 75
54 77
54 78
54 79
54 80
54 81
54 83
54 84
54 85
54 86
54 87
54 88
54 89
54 90
54 91
54 92
54 93
54 94
54 95
54 96
54 97
54 98
54 99
55 57
55 59
55 63
55 68
55 80
55 81
55 82
55 86
56 57
56 58
56 59
56 60
56 61
56 62
56 63
56 64
56 65
56 66
56 67
56 68
56 69
56 70
56 71
56 73
56 74
56 75
56 76
56 77
56 78
56 79
56 80
56 81
56 83
56 84
56 85
56 88
56 89
56 90
56 91
56 92
56 93
56 94
56 96
56 97
56 98
56 99
57 59
57 65
57 70
57 71
57 78
57 79
57 80
57 81
57 90
57 95
57 96
57 99
58 61
58 66
58 89
58 90
59 60
59 61
59 62
59 63
59 65
59 67
59 68
59 69
59 70
59 71
59 72
59 73
59 74
59 75
59 76
59 77
59 78
59 79
59 80
59 81
59 82
59 83
59 85
59 87
59 88
59 89
59 90
59 91
59 93
59 94
59 95
59 96
59 97
59 98
59 99
60 61
60 70
60 73
60 75
60 78
60 80
60 81
60 84
60 86
60 89
60 90
60 92
60 93
60 94
60 95
60 98
61 62
61 64
61 67
61 68
61 69
61 70
61 71
61 72
61 73
61 74
61 75
61 82
61 83
61 89
61 90
61 93
61 94
61 95
61 99
62 64
62 68
62 71
62 76
62 77
62 81
62 82
62 89
62 91
62 93
62 95
62 98
63 80
64 66
64 67
64 69
64 72
64 78
64 81
64 82
64 84
64 89
64 91
64 93
65 67
65 70
65 76
65 78
65 79
65 83
65 92
65 95
65 96
66 67
66 77
66 84
66 90
66 95
66 98
67 68
67 74
67 75
67 76
67 81
67 83
67 84
67 91
67 92
67 93
67 96
67 97
68 69
68 70
68 72
68 74
68 75
68 76
68 77
68 78
68 79
68 80
68 81
68 82
68 84
68 86
68 87
68 88
68 90
68 91
68 92
68 93
68 94
68 95
68 96
68 97
68 99
69 79
69 84
69 85
69 87
69 88
69 95
69 98
70 74
70 76
70 83
70 88
70 95
70 98
71 87
71 88
71 91
71 92
71 95
72 75
72 80
72 82
72 88
72 92
72 95
72 99
73 74
73 75
73 76
73 77
73 79
73 85
73 86
73 87
73 88
73 95
73 98
74 75
74 76
74 77
74 78
74 79
74 80
74 81
74 82
74 83
74 84
74 85
74 86
74 87
74 88
74 89
74 90
74 92
74 93
74 94
74 95
74 96
74 97
74 98
74 99
75 77
75 79
75 81
75 85
75 89
75 94
76 79
76 80
76 81
76 82
76 84
76 85
76 86
76 89
76 93
76 96
76 97
76 98
76 99
77 89
77 90
77 96
78 81
78 82
78 92
78 93
78 96
78 98
78 99
79 80
79 84
79 87
79 88
79 89
79 90
79 92
79 93
79 96
79 99
80 81
80 82
80 86
80 87
80 90
80 91
80 94
80 96
80 97
81 82
81 84
81 85
81 86
81 87
81 89
81 90
81 91
81 92
81 93
81 94
81 95
81 96
81 97
81 98
81 99
82 84
82 85
82 86
82 88
82 89
82 90
82 92
82 94
82 95
82 96
82 97
82 99
83 87
83 89
83 90
83 91
83 95
83 98
84 85
84 86
84 88
84 89
84 97
85 89
85 91
85 97
85 98
85 99
86 87
86 88
86 89
86 90
86 91
86 92
86 93
86 94
86 95
86 96
86 97
86 98
86 99
87 90
87 93
87 94
88 92
88 99
89 93
89 95
89 99
90 92
90 96
91 94
91 96
91 99
92 94
93 94
93 95
93 96
93 97
93 99
94 97
95 96
95 97
95 98
96 97
96 98
96 99
97 98
97 99
98 99
