0 2
0 5
0 12
0 13
0 15
0 16
0 20
0 22
0 24
0 25
0 36
0 39
0 44
0 51
0 52
0 58
0 59
0 65
0 66
0 71
0 75
0 90
1 2
1 4
1 5
1 6
1 8
1 9
1 10
1 11
1 12
1 15
1 16
1 17
1 18
1 19
1 20
1 22
1 24
1 25
1 27
1 28
1 31
1 32
1 33
1 34
1 36
1 38
1 44
1 45
1 47
1 48
1 49
1 50
1 51
1 52
1 53
1 54
1 55
1 58
1 59
1 60
1 61
1 62
1 63
1 64
1 65
1 66
1 67
1 68
1 69
1 70
1 71
1 72
1 73
1 75
1 77
1 79
1 80
1 81
1 82
1 83
1 84
1 85
1 86
1 90
1 91
1 93
1 94
1 95
1 96
1 97
1 98
2 3
2 4
2 5
2 6
2 7
2 8
2 9
2 10
2 11
2 12
2 13
2 14
2 15
2 16
2 17
2 18
2 19
2 20
2 21
2 22
2 23
2 24
2 25
2 26
2 27
2 28
2 29
2 30
2 31
2 32
2 33
2 34
2 36
2 37
2 38
2 39
2 40
2 41
2 42
2 44
2 45
2 46
2 47
2 48
2 49
2 50
2 51
2 52
2 53
2 54
2 55
2 56
2 57
2 58
2 59
2 60
2 61
2 62
2 64
2 65
2 66
2 67
2 68
2 69
2 70
2 72
2 74
2 75
2 76
2 77
2 78
2 80
2 81
2 82
2 83
2 84
2 85
2 86
2 87
2 88
2 90
2 91
2 93
2 94
2 95
2 96
2 97
2 98
3 11
3 14
3 18
3 24
3 26
3 29
3 32
3 34
3 36
3 37
3 50
3 52
3 54
3 56
3 61
3 63
3 69
3 71
3 81
3 86
3 90
3 95
3 96
3 98
4 16
4 18
4 21
4 28
4 35
4 38
4 41
4 43
4 56
4 58
4 60
4 62
4 63
4 67
4 74
4 77
4 81
4 89
4 91
5 6
5 12
5 15
5 17
5 19
5 20
5 26
5 28
5 29
5 32
5 35
5 38
5 39
5 41
5 43
5 51
5 59
5 62
5 65
5 71
5 73
5 74
5 75
5 78
5 79
5 80
5 87
5 92
5 95
5 96
5 98
6 10
6 15
6 16
6 17
6 20
6 22
6 23
6 25
6 33
6 34
6 35
6 38
6 41
6 47
6 51
6 56
6 57
6 66
6 67
6 69
6 70
6 76
6 77
6 82
6 83
6 91
6 92
6 95
7 14
7 21
7 23
7 26
7 34
7 35
7 56
7 70
7 82
7 86
7 91
7 92
7 97
7 98
8 10
8 15
8 24
8 28
8 30
8 63
8 64
8 81
8 83
8 84
8 85
8 96
8 98
9 11
9 12
9 25
9 26
9 40
9 41
9 46
9 48
9 49
9 58
9 61
9 63
9 71
9 72
9 73
9 77
9 78
9 79
9 81
9 83
9 91
9 92
9 93
10 11
10 12
10 13
10 14
10 15
10 16
10 17
10 18
10 19
10 20
10 21
10 22
10 23
10 24
10 25
10 26
10 27
10 29
10 30
10 31
10 32
10 33
10 34
10 35
10 36
10 37
10 39
10 40
10 41
10 42
10 43
10 44
10 45
10 46
10 47
10 48
10 49
10 50
10 51
10 52
10 53
10 54
10 56
10 57
10 58
10 59
10 60
10 61
10 62
10 63
10 64
10 65
10 66
10 67
10 68
10 69
10 70
10 71
10 72
10 73
10 74
10 75
10 76
10 77
10 78
10 79
10 80
10 81
10 82
10 83
10 84
10 85
10 86
10 87
10 88
10 89
10 90
10 91
10 92
10 93
10 94
10 95
10 96
10 97
10 98
10 99
11 12
11 14
11 18
11 19
11 28
11 34
11 37
11 39
11 40
11 43
11 44
11 48
11 52
11 53
11 55
11 56
11 61
11 62
11 64
11 65
11 71
11 74
11 76
11 77
11 82
11 83
11 84
11 86
11 87
11 88
11 89
11 91
11 92
11 93
11 94
11 95
11 96
12 14
12 15
12 24
12 28
12 30
12 31
12 35
12 40
12 45
12 46
12 47
12 48
12 53
12 63
12 65
12 66
12 68
12 72
12 75
12 86
12 90
12 91
12 92
12 94
12 95
12 96
13 28
13 36
13 37
13 39
13 40
13 49
13 55
13 73
13 75
14 17
14 26
14 27
14 29
14 38
14 40
14 52
14 62
14 72
14 74
14 78
14 82
14 85
15 16
15 20
15 23
15 24
15 25
15 26
15 29
15 33
15 35
15 38
15 40
15 41
15 43
15 44
15 45
15 46
15 47
15 49
15 50
15 51
15 52
15 53
15 54
15 55
15 56
15 58
15 59
15 60
15 61
15 63
15 64
15 66
15 67
15 68
15 69
15 70
15 71
15 72
15 74
15 77
15 78
15 81
15 82
15 83
15 85
15 90
15 93
15 94
15 95
15 96
15 97
16 17
16 20
16 23
16 25
16 27
16 29
16 31
16 32
16 34
16 35
16 37
16 38
16 39
16 42
16 50
16 51
16 54
16 55
16 58
16 59
16 62
16 63
16 64
16 66
16 72
16 74
16 80
16 82
16 85
16 86
16 90
16 92
16 93
16 95
16 98
16 99
17 21
17 22
17 27
17 28
17 29
17 32
17 33
17 34
17 37
17 38
17 43
17 47
17 50
17 51
17 54
17 57
17 58
17 60
17 62
17 63
17 68
17 69
17 70
17 71
17 74
17 77
17 80
17 82
17 83
17 84
17 85
17 87
17 89
17 99
18 20
18 21
18 22
18 23
18 25
18 26
18 27
18 28
18 29
18 30
18 31
18 32
18 33
18 34
18 35
18 36
18 37
18 38
18 39
18 40
18 41
18 42
18 43
18 44
18 45
18 46
18 47
18 48
18 49
18 50
18 51
18 53
18 54
18 55
18 56
18 57
18 58
18 59
18 60
18 61
18 62
18 63
18 64
18 66
18 67
18 68
18 69
18 70
18 71
18 72
18 73
18 74
18 75
18 76
18 77
18 78
18 79
18 80
18 81
18 83
18 84
18 86
18 87
18 88
18 89
18 90
18 91
18 92
18 93
18 94
18 95
18 96
18 97
18 98
19 20
19 21
19 25
19 27
19 28
19 32
19 34
19 36
19 40
19 41
19 43
19 44
19 45
19 46
19 51
19 53
19 55
19 57
19 58
19 59
19 60
19 61
19 62
19 65
19 66
19 69
19 71
19 72
19 73
19 76
19 78
19 81
19 83
19 84
19 85
19 89
19 90
19 91
19 92
19 94
19 95
19 98
20 23
20 24
20 25
20 26
20 27
20 29
20 30
20 34
20 35
20 36
20 37
20 38
20 40
20 41
20 42
20 44
20 45
20 46
20 47
20 48
20 50
20 52
20 54
20 55
20 56
20 57
20 58
20 59
20 60
20 61
20 63
20 64
20 68
20 69
20 70
20 71
20 72
20 74
20 76
20 79
20 83
20 85
20 89
20 90
20 91
20 93
20 94
20 97
20 98
20 99
21 22
21 24
21 25
21 27
21 30
21 31
21 32
21 34
21 36
21 38
21 39
21 42
21 44
21 45
21 46
21 49
21 54
21 55
21 58
21 59
21 60
21 63
21 67
21 73
21 75
21 76
21 79
21 82
21 84
21 87
21 88
21 94
21 95
21 96
21 98
21 99
22 24
22 25
22 27
22 36
22 38
22 44
22 46
22 47
22 52
22 62
22 66
22 72
22 82
22 83
22 87
22 92
23 24
23 25
23 28
23 29
23 30
23 31
23 33
23 35
23 36
23 40
23 41
23 46
23 47
23 51
23 53
23 56
23 57
23 61
23 70
23 71
23 72
23 73
23 74
23 75
23 79
23 80
23 83
23 84
23 85
23 87
23 89
23 94
23 99
24 25
24 26
24 27
24 28
24 29
24 30
24 31
24 32
24 33
24 34
24 35
24 36
24 37
24 38
24 39
24 40
24 41
24 42
24 43
24 44
24 45
24 46
24 47
24 48
24 49
24 50
24 51
24 52
24 54
24 55
24 56
24 57
24 58
24 59
24 60
24 61
24 62
24 63
24 64
24 65
24 66
24 67
24 68
24 69
24 70
24 71
24 72
24 73
24 74
24 75
24 76
24 77
24 78
24 79
24 80
24 81
24 82
24 83
24 84
24 85
24 86
24 87
24 88
24 89
24 90
24 91
24 92
24 93
24 94
24 96
24 97
24 99
25 26
25 28
25 30
25 32
25 36
25 41
25 43
25 45
25 48
25 50
25 51
25 52
25 53
25 55
25 60
25 62
25 66
25 71
25 73
25 76
25 80
25 84
25 87
25 88
25 92
25 94
25 96
25 98
25 99
26 27
26 28
26 29
26 30
26 31
26 32
26 33
26 34
26 35
26 36
26 37
26 38
26 39
26 40
26 41
26 42
26 43
26 44
26 45
26 46
26 47
26 48
26 49
26 50
26 51
26 52
26 53
26 54
26 55
26 56
26 57
26 58
26 59
26 60
26 61
26 62
26 63
26 64
26 66
26 67
26 68
26 69
26 70
26 71
26 72
26 73
26 74
26 75
26 76
26 77
26 78
26 79
26 80
26 81
26 82
26 83
26 84
26 85
26 86
26 87
26 88
26 89
26 90
26 91
26 92
26 93
26 94
26 95
26 96
26 97
26 98
26 99
27 28
27 29
27 30
27 31
27 33
27 34
27 36
27 37
27 38
27 39
27 40
27 41
27 42
27 43
27 44
27 45
27 47
27 48
27 49
27 50
27 53
27 54
27 55
27 56
27 57
27 58
27 59
27 61
27 62
27 64
27 65
27 68
27 69
27 72
27 73
27 74
27 76
27 77
27 78
27 79
27 80
27 81
27 82
27 83
27 86
27 89
27 90
27 91
27 92
27 93
27 94
27 96
27 97
27 98
27 99
28 33
28 35
28 40
28 41
28 49
28 50
28 51
28 54
28 56
28 58
28 63
28 67
28 70
28 73
28 77
28 78
28 84
28 86
28 87
28 91
28 95
28 96
28 97
29 30
29 31
29 34
29 35
29 36
29 37
29 38
29 39
29 40
29 41
29 42
29 44
29 46
29 48
29 50
29 51
29 53
29 55
29 57
29 59
29 61
29 62
29 65
29 66
29 67
29 68
29 71
29 72
29 73
29 74
29 75
29 77
29 79
29 82
29 83
29 84
29 86
29 88
29 89
29 90
29 92
29 97
29 99
30 36
30 38
30 44
30 46
30 48
30 52
30 56
30 60
30 61
30 62
30 63
30 64
30 68
30 70
30 72
30 73
30 75
30 77
30 78
30 80
30 85
30 89
30 90
30 91
30 93
30 97
30 98
31 32
31 34
31 35
31 36
31 37
31 38
31 40
31 41
31 43
31 45
31 46
31 47
31 48
31 50
31 51
31 53
31 54
31 56
31 60
31 61
31 62
31 63
31 64
31 66
31 68
31 70
31 71
31 72
31 73
31 74
31 75
31 76
31 77
31 78
31 79
31 81
31 85
31 86
31 89
31 90
31 92
31 93
31 94
31 95
31 97
31 98
32 34
32 38
32 39
32 44
32 46
32 47
32 51
32 52
32 57
32 59
32 61
32 64
32 73
32 77
32 78
32 79
32 80
32 81
32 83
32 87
32 93
32 99
33 34
33 37
33 39
33 41
33 46
33 47
33 48
33 49
33 50
33 51
33 52
33 53
33 54
33 56
33 57
33 58
33 59
33 62
33 63
33 64
33 65
33 67
33 69
33 72
33 74
33 76
33 80
33 84
33 85
33 86
33 88
33 89
33 92
33 95
33 97
33 98
33 99
34 36
34 38
34 39
34 40
34 41
34 42
34 43
34 44
34 45
34 47
34 50
34 52
34 53
34 54
34 55
34 56
34 57
34 58
34 59
34 60
34 61
34 62
34 63
34 64
34 65
34 66
34 67
34 68
34 69
34 70
34 71
34 72
34 73
34 74
34 75
34 76
34 77
34 78
34 79
34 80
34 81
34 82
34 84
34 85
34 86
34 87
34 88
34 89
34 90
34 91
34 92
34 93
34 94
34 95
34 96
34 97
34 98
34 99
35 36
35 38
35 41
35 42
35 47
35 48
35 50
35 54
35 56
35 57
35 58
35 59
35 60
35 61
35 62
35 64
35 65
35 66
35 69
35 71
35 72
35 73
35 74
35 76
35 81
35 82
35 83
35 84
35 85
35 86
35 87
35 90
35 92
35 96
35 97
35 99
36 38
36 64
36 73
36 78
36 84
36 89
36 92
37 38
37 39
37 40
37 41
37 42
37 44
37 47
37 48
37 49
37 50
37 51
37 53
37 54
37 56
37 57
37 58
37 59
37 60
37 61
37 62
37 63
37 65
37 67
37 68
37 69
37 70
37 71
37 72
37 73
37 74
37 75
37 76
37 77
37 79
37 80
37 81
37 82
37 83
37 84
37 85
37 86
37 87
37 88
37 89
37 90
37 92
37 94
37 95
37 97
37 99
38 39
38 40
38 41
38 42
38 43
38 45
38 46
38 47
38 48
38 49
38 50
38 51
38 52
38 53
38 54
38 56
38 57
38 58
38 59
38 60
38 61
38 62
38 63
38 64
38 65
38 66
38 67
38 68
38 69
38 70
38 71
38 72
38 73
38 74
38 75
38 76
38 77
38 78
38 79
38 80
38 81
38 82
38 83
38 84
38 85
38 86
38 87
38 88
38 90
38 92
38 93
38 94
38 95
38 96
38 97
38 98
38 99
39 41
39 42
39 46
39 47
39 49
39 51
39 52
39 53
39 64
39 67
39 70
39 71
39 73
39 75
39 76
39 77
39 78
39 83
39 84
39 87
39 90
39 91
39 92
39 93
39 95
39 96
39 99
40 42
40 49
40 54
40 65
40 66
40 69
40 85
41 42
41 43
41 44
41 45
41 46
41 47
41 48
41 49
41 51
41 52
41 53
41 54
41 55
41 56
41 57
41 58
41 59
41 60
41 61
41 62
41 63
41 64
41 65
41 66
41 67
41 68
41 70
41 72
41 73
41 74
41 75
41 76
41 77
41 78
41 80
41 81
41 82
41 83
41 84
41 85
41 87
41 88
41 89
41 90
41 91
41 92
41 93
41 94
41 95
41 96
41 97
41 98
41 99
42 47
42 50
42 52
42 60
42 62
42 65
42 75
42 84
42 98
43 44
43 45
43 46
43 50
43 54
43 58
43 60
43 61
43 62
43 63
43 66
43 68
43 71
43 76
43 79
43 85
43 87
44 47
44 48
44 49
44 51
44 52
44 54
44 55
44 56
44 58
44 60
44 61
44 62
44 63
44 64
44 66
44 67
44 68
44 69
44 70
44 71
44 73
44 75
44 76
44 77
44 78
44 81
44 83
44 84
44 85
44 86
44 87
44 88
44 89
44 91
44 92
44 93
44 94
44 95
44 96
44 97
44 99
45 46
45 47
45 48
45 50
45 51
45 52
45 53
45 54
45 55
45 57
45 58
45 59
45 60
45 61
45 63
45 64
45 65
45 66
45 67
45 68
45 69
45 70
45 71
45 72
45 73
45 75
45 76
45 78
45 79
45 80
45 81
45 82
45 83
45 84
45 85
45 86
45 88
45 90
45 91
45 92
45 93
45 95
45 96
45 97
45 98
45 99
46 49
46 51
46 52
46 54
46 61
46 64
46 71
46 74
46 75
46 77
46 78
46 81
46 88
46 95
46 96
46 97
47 55
47 56
47 57
47 58
47 61
47 64
47 65
47 74
47 80
47 86
47 87
47 88
47 90
47 92
47 93
47 95
47 99
48 51
48 59
48 66
48 71
48 75
48 76
48 87
48 89
48 92
48 95
49 55
49 65
49 77
49 78
49 80
49 83
49 84
49 89
49 91
49 95
50 51
50 53
50 54
50 55
50 57
50 61
50 63
50 69
50 70
50 71
50 72
50 76
50 80
50 81
50 82
50 83
50 85
50 86
50 87
50 88
50 91
50 93
50 94
50 95
50 96
50 97
50 98
51 59
51 61
51 68
51 77
51 79
51 96
51 97
52 57
52 59
52 82
52 94
53 56
53 57
53 58
53 59
53 72
53 84
53 85
53 86
53 87
53 93
53 95
53 99
54 55
54 60
54 61
54 62
54 63
54 64
54 66
54 69
54 71
54 74
54 76
54 77
54 78
54 80
54 81
54 84
54 85
54 87
54 89
54 98
55 56
55 57
55 58
55 59
55 60
55 61
55 62
55 63
55 64
55 65
55 66
55 67
55 68
55 69
55 71
55 72
55 73
55 74
55 75
55 76
55 77
55 78
55 79
55 81
55 82
55 83
55 84
55 85
55 86
55 87
55 88
55 89
55 90
55 91
55 92
55 93
55 94
55 95
55 96
55 97
55 98
55 99
56 57
56 58
56 59
56 60
56 61
56 62
56 63
56 64
56 65
56 66
56 67
56 68
56 69
56 70
56 72
56 74
56 75
56 76
56 77
56 79
56 81
56 82
56 83
56 84
56 86
56 87
56 88
56 89
56 90
56 91
56 92
56 93
56 94
56 95
56 97
56 98
56 99
57 58
57 61
57 63
57 64
57 65
57 69
57 70
57 71
57 74
57 75
57 77
57 79
57 81
57 82
57 83
57 84
57 85
57 86
57 88
57 89
57 95
57 96
57 97
57 98
57 99
58 59
58 60
58 62
58 63
58 64
58 67
58 68
58 69
58 71
58 72
58 73
58 76
58 77
58 78
58 79
58 80
58 81
58 82
58 83
58 84
58 85
58 86
58 87
58 88
58 89
58 90
58 91
58 92
58 93
58 95
58 96
58 97
58 98
59 61
59 68
59 69
59 70
59 73
59 77
59 79
59 88
59 89
60 61
60 62
60 64
60 65
60 66
60 68
60 69
60 70
60 72
60 73
60 74
60 75
60 76
60 77
60 78
60 79
60 80
60 81
60 83
60 84
60 85
60 86
60 87
60 88
60 90
60 91
60 94
60 96
60 97
60 98
60 99
61 65
61 74
61 77
61 80
61 84
61 92
61 97
62 77
62 78
62 83
62 85
62 95
63 73
64 65
64 66
64 67
64 68
64 69
64 70
64 71
64 72
64 73
64 74
64 75
64 76
64 77
64 78
64 79
64 80
64 81
64 82
64 83
64 84
64 85
64 86
64 87
64 88
64 89
64 90
64 91
64 92
64 93
64 94
64 95
64 96
64 97
64 98
64 99
65 72
65 75
65 76
65 79
65 82
65 87
65 89
65 94
66 67
66 68
66 69
66 76
66 82
66 84
66 85
66 87
66 90
66 92
66 93
66 94
66 95
66 96
66 97
66 98
67 68
67 70
67 71
67 76
67 77
67 79
67 80
67 82
67 84
67 88
67 89
67 92
67 93
67 95
68 70
68 71
68 72
68 73
68 74
68 75
68 76
68 77
68 78
68 79
68 80
68 81
68 82
68 83
68 84
68 85
68 86
68 87
68 88
68 90
68 91
68 92
68 93
68 94
68 96
68 97
68 98
68 99
69 71
69 75
69 78
69 79
69 85
69 91
69 92
69 93
69 94
70 72
70 73
70 74
70 76
70 77
70 78
70 79
70 80
70 81
70 82
70 83
70 84
70 85
70 86
70 87
70 88
70 89
70 90
70 92
70 93
70 94
70 95
70 96
70 97
70 98
70 99
71 72
71 74
71 80
71 82
71 83
71 84
71 86
71 91
71 94
71 95
71 98
72 73
72 74
72 75
72 76
72 77
72 79
72 80
72 83
72 84
72 85
72 87
72 88
72 89
72 90
72 91
72 93
72 94
72 96
72 97
72 99
73 74
73 75
73 76
73 77
73 78
73 79
73 80
73 81
73 82
73 83
73 84
73 85
73 88
73 89
73 90
73 91
73 92
73 93
73 94
73 95
73 96
73 98
73 99
74 78
74 79
74 84
74 85
74 86
74 87
74 90
74 91
74 93
74 94
74 95
74 96
74 98
74 99
75 76
75 77
75 78
75 79
75 80
75 81
75 83
75 84
75 85
75 86
75 87
75 88
75 90
75 92
75 93
75 94
75 95
75 96
75 97
75 98
75 99
76 79
76 81
76 82
76 83
76 84
76 86
76 87
76 88
76 90
76 91
76 92
76 93
76 95
76 96
76 97
76 98
76 99
77 81
77 82
77 84
77 85
77 97
77 99
78 93
78 98
78 99
79 80
79 81
79 82
79 83
79 84
79 86
79 87
79 88
79 89
79 90
79 91
79 92
79 94
79 95
79 96
79 97
79 98
79 99
80 81
80 82
80 83
80 84
80 85
80 86
80 87
80 88
80 89
80 90
80 91
80 92
80 93
80 94
80 95
80 96
80 97
80 98
80 99
81 82
81 84
81 86
81 87
81 89
81 92
81 93
81 94
81 95
81 96
81 97
82 83
82 85
82 87
82 88
82 89
82 91
82 92
82 94
82 95
82 97
82 98
83 84
83 85
83 86
83 87
83 88
83 89
83 90
83 91
83 92
83 93
83 96
83 97
84 86
84 87
84 90
84 94
84 97
84 98
84 99
85 86
85 87
85 88
85 89
85 90
85 91
85 92
85 93
85 94
85 96
85 98
85 99
86 88
86 89
86 90
86 91
86 92
86 93
86 94
86 95
86 96
86 97
86 98
86 99
87 90
88 89
88 94
88 95
88 98
88 99
89 90
89 91
89 93
89 94
89 95
89 96
89 97
89 98
89 99
90 91
90 92
90 93
90 94
90 95
90 97
90 98
90 99
91 92
91 93
91 94
91 95
91 96
91 97
91 98
91 99
92 93
92 94
92 95
92 96
92 97
92 98
92 99
93 94
93 95
93 96
93 97
93 98
93 99
94 95
94 96
94 97
94 98
95 96
95 97
96 97
96 98
96 99
97 98
97 99
98 99
