0 1
0 2
0 4
0 5
0 6
0 7
0 10
0 12
0 13
0 14
0 15
0 16
0 17
0 18
0 19
0 21
0 23
0 24
0 26
0 27
0 28
0 29
0 30
0 31
0 33
0 34
0 35
0 36
0 37
0 38
0 39
0 40
0 41
0 45
0 46
0 47
0 48
0 49
0 50
0 51
0 52
0 53
0 54
0 55
0 56
0 57
0 58
0 59
0 60
0 61
0 62
0 63
0 64
0 65
0 67
0 69
0 70
0 71
0 72
0 73
0 74
0 75
0 76
0 78
0 79
0 80
0 81
0 82
0 83
0 84
0 85
0 86
0 88
0 90
0 91
0 93
0 94
0 95
0 96
0 97
0 99
1 6
1 8
1 9
1 12
1 14
1 17
1 22
1 24
1 33
1 38
1 42
1 43
1 46
1 51
1 54
1 57
1 65
1 66
1 69
1 70
1 72
1 74
1 76
1 77
1 78
1 79
1 82
1 83
1 85
1 87
1 88
1 95
1 97
2 4
2 9
2 11
2 14
2 21
2 34
2 43
2 49
2 53
2 62
2 84
2 92
2 93
2 97
3 8
3 14
3 19
3 21
3 27
3 33
3 40
3 44
3 48
3 53
3 54
3 55
3 57
3 60
3 61
3 62
3 67
3 70
3 72
3 73
3 76
3 78
3 80
3 82
3 83
3 87
3 89
3 90
3 91
3 97
4 5
4 7
4 15
4 17
4 19
4 23
4 26
4 27
4 28
4 30
4 31
4 32
4 33
4 34
4 35
4 36
4 37
4 45
4 47
4 58
4 59
4 62
4 65
4 66
4 74
4 80
4 81
4 82
4 84
4 85
4 92
4 93
4 95
5 18
5 34
5 75
6 9
6 10
6 12
6 13
6 14
6 15
6 16
6 19
6 20
6 21
6 23
6 24
6 25
6 26
6 27
6 30
6 31
6 33
6 34
6 35
6 36
6 39
6 40
6 41
6 42
6 44
6 46
6 49
6 52
6 54
6 57
6 58
6 59
6 60
6 61
6 64
6 67
6 70
6 71
6 73
6 74
6 75
6 77
6 78
6 79
6 81
6 82
6 83
6 85
6 86
6 87
6 88
6 90
6 94
6 97
6 98
7 24
7 35
7 50
7 78
7 90
7 96
7 99
8 9
8 10
8 11
8 12
8 15
8 18
8 20
8 21
8 24
8 26
8 27
8 28
8 30
8 31
8 33
8 34
8 36
8 37
8 38
8 39
8 40
8 41
8 43
8 44
8 45
8 46
8 47
8 49
8 50
8 51
8 52
8 54
8 55
8 57
8 59
8 61
8 64
8 65
8 67
8 68
8 69
8 71
8 72
8 74
8 75
8 77
8 78
8 80
8 81
8 82
8 83
8 84
8 85
8 86
8 88
8 89
8 90
8 91
8 92
8 93
8 94
8 95
8 96
8 97
8 98
8 99
9 10
9 11
9 12
9 13
9 14
9 15
9 16
9 17
9 18
9 20
9 21
9 22
9 24
9 25
9 30
9 31
9 32
9 33
9 34
9 35
9 36
9 38
9 39
9 41
9 43
9 46
9 47
9 48
9 49
9 51
9 52
9 53
9 54
9 55
9 58
9 59
9 60
9 61
9 63
9 64
9 65
9 66
9 67
9 69
9 70
9 71
9 72
9 73
9 74
9 75
9 76
9 77
9 79
9 80
9 81
9 85
9 86
9 87
9 88
9 89
9 90
9 91
9 92
9 93
9 94
9 96
9 98
9 99
10 13
10 14
10 15
10 17
10 19
10 20
10 22
10 23
10 24
10 25
10 26
10 27
10 29
10 30
10 31
10 33
10 34
10 36
10 39
10 40
10 41
10 43
10 46
10 50
10 51
10 52
10 53
10 54
10 56
10 58
10 59
10 60
10 62
10 63
10 64
10 65
10 66
10 67
10 68
10 69
10 70
10 71
10 72
10 73
10 75
10 78
10 79
10 80
10 83
10 86
10 87
10 89
10 90
10 91
10 92
10 95
10 96
10 98
10 99
11 15
11 24
11 41
11 53
11 59
11 65
11 88
12 14
12 15
12 16
12 17
12 18
12 19
12 20
12 21
12 22
12 23
12 25
12 26
12 27
12 28
12 30
12 31
12 32
12 33
12 34
12 36
12 37
12 38
12 39
12 41
12 43
12 44
12 45
12 46
12 47
12 50
12 52
12 53
12 54
12 56
12 58
12 59
12 60
12 61
12 62
12 63
12 66
12 68
12 70
12 71
12 76
12 77
12 78
12 79
12 80
12 81
12 82
12 83
12 84
12 85
12 86
12 87
12 89
12 91
12 92
12 93
12 94
12 95
12 97
12 98
12 99
13 16
13 18
13 20
13 21
13 22
13 25
13 26
13 27
13 29
13 31
13 33
13 34
13 36
13 37
13 39
13 40
13 42
13 43
13 46
13 48
13 49
13 51
13 53
13 54
13 55
13 57
13 63
13 64
13 66
13 67
13 68
13 70
13 72
13 75
13 77
13 79
13 80
13 81
13 82
13 83
13 86
13 87
13 88
13 89
13 91
13 94
13 97
13 98
14 15
14 23
14 25
14 27
14 28
14 29
14 30
14 35
14 36
14 39
14 41
14 42
14 50
14 52
14 58
14 59
14 60
14 61
14 64
14 66
14 67
14 69
14 70
14 73
14 74
14 75
14 76
14 77
14 78
14 81
14 84
14 85
14 88
14 91
14 92
14 93
14 95
14 96
14 98
15 18
15 22
15 23
15 25
15 26
15 30
15 32
15 34
15 36
15 37
15 38
15 39
15 40
15 41
15 42
15 47
15 51
15 52
15 54
15 55
15 61
15 62
15 63
15 64
15 65
15 66
15 67
15 70
15 73
15 75
15 80
15 86
15 87
15 88
15 90
15 91
15 92
15 93
15 95
15 97
16 17
16 18
16 19
16 20
16 21
16 22
16 23
16 24
16 25
16 27
16 28
16 29
16 30
16 31
16 32
16 33
16 34
16 35
16 36
16 37
16 38
16 39
16 40
16 41
16 42
16 43
16 44
16 45
16 46
16 47
16 48
16 49
16 51
16 52
16 53
16 54
16 55
16 56
16 57
16 58
16 59
16 60
16 62
16 63
16 64
16 65
16 66
16 67
16 68
16 70
16 72
16 74
16 75
16 76
16 77
16 78
16 79
16 80
16 81
16 82
16 83
16 84
16 85
16 86
16 87
16 88
16 90
16 92
16 93
16 95
16 97
16 98
16 99
17 18
17 20
17 21
17 22
17 23
17 24
17 25
17 26
17 30
17 31
17 32
17 33
17 35
17 37
17 39
17 40
17 41
17 43
17 47
17 49
17 52
17 53
17 56
17 57
17 58
17 59
17 61
17 63
17 65
17 66
17 67
17 68
17 69
17 70
17 71
17 74
17 75
17 80
17 82
17 90
17 93
17 94
17 95
17 97
18 26
18 31
18 32
18 33
18 35
18 37
18 40
18 42
18 43
18 44
18 45
18 47
18 48
18 51
18 52
18 53
18 54
18 56
18 58
18 59
18 60
18 63
18 65
18 67
18 68
18 73
18 74
18 75
18 76
18 78
18 79
18 82
18 84
18 88
18 90
18 92
18 93
18 96
19 23
19 24
19 25
19 26
19 27
19 31
19 35
19 36
19 37
19 42
19 43
19 44
19 45
19 49
19 50
19 52
19 53
19 57
19 61
19 62
19 67
19 68
19 73
19 75
19 76
19 78
19 81
19 83
19 86
19 87
19 88
19 91
19 92
19 95
19 96
20 21
20 22
20 23
20 26
20 27
20 28
20 29
20 33
20 34
20 36
20 39
20 41
20 42
20 44
20 45
20 46
20 47
20 49
20 52
20 53
20 56
20 57
20 58
20 60
20 61
20 62
20 63
20 65
20 68
20 69
20 73
20 75
20 78
20 79
20 81
20 82
20 85
20 86
20 87
20 88
20 89
20 91
20 92
20 94
20 95
20 97
20 98
20 99
21 22
21 26
21 38
21 39
21 40
21 41
21 43
21 44
21 47
21 48
21 49
21 53
21 55
21 58
21 59
21 71
21 72
21 73
21 74
21 75
21 79
21 82
21 90
21 91
21 96
22 23
22 24
22 25
22 26
22 27
22 29
22 31
22 32
22 33
22 34
22 38
22 39
22 40
22 41
22 42
22 43
22 44
22 45
22 46
22 47
22 48
22 49
22 50
22 51
22 52
22 54
22 55
22 56
22 57
22 58
22 59
22 60
22 61
22 62
22 63
22 64
22 66
22 67
22 68
22 70
22 71
22 72
22 73
22 74
22 75
22 76
22 77
22 78
22 79
22 81
22 83
22 85
22 86
22 87
22 88
22 89
22 90
22 91
22 94
22 96
22 97
22 98
22 99
23 25
23 32
23 38
23 39
23 43
23 44
23 45
23 47
23 50
23 51
23 52
23 54
23 55
23 56
23 57
23 58
23 61
23 63
23 64
23 65
23 66
23 67
23 68
23 69
23 75
23 79
23 84
23 85
23 86
23 89
23 92
23 96
23 97
23 98
24 28
24 50
24 62
24 86
25 26
25 27
25 28
25 29
25 30
25 32
25 35
25 37
25 38
25 46
25 49
25 50
25 61
25 63
25 64
25 68
25 73
25 74
25 78
25 80
25 81
25 93
25 97
25 99
26 39
26 43
26 57
26 73
27 29
27 31
27 33
27 38
27 40
27 41
27 43
27 44
27 45
27 47
27 48
27 50
27 53
27 55
27 59
27 62
27 63
27 65
27 66
27 69
27 70
27 72
27 79
27 81
27 85
27 87
27 90
27 92
27 95
27 96
27 97
28 32
28 36
28 37
28 38
28 40
28 42
28 43
28 44
28 46
28 48
28 51
28 52
28 53
28 65
28 68
28 70
28 72
28 75
28 80
28 83
28 84
28 91
28 92
28 96
28 97
28 98
29 32
29 33
29 34
29 36
29 37
29 38
29 39
29 40
29 41
29 42
29 44
29 45
29 46
29 47
29 48
29 49
29 50
29 51
29 53
29 54
29 55
29 57
29 58
29 59
29 62
29 63
29 65
29 66
29 68
29 69
29 71
29 72
29 73
29 74
29 76
29 77
29 78
29 79
29 80
29 81
29 82
29 83
29 84
29 86
29 88
29 90
29 91
29 93
29 94
29 95
29 99
30 35
30 40
30 42
30 43
30 47
30 54
30 60
30 64
30 74
30 78
30 79
30 84
30 88
30 93
30 94
30 95
30 96
30 98
30 99
31 33
31 37
31 38
31 39
31 41
31 46
31 51
31 53
31 55
31 56
31 59
31 62
31 63
31 68
31 70
31 72
31 74
31 76
31 77
31 80
31 83
31 87
31 88
31 91
31 94
31 95
31 97
32 33
32 34
32 36
32 37
32 38
32 39
32 40
32 41
32 42
32 43
32 44
32 45
32 46
32 47
32 49
32 50
32 51
32 52
32 53
32 54
32 55
32 56
32 57
32 58
32 59
32 60
32 61
32 62
32 64
32 65
32 67
32 68
32 69
32 70
32 71
32 72
32 74
32 75
32 76
32 80
32 81
32 82
32 83
32 84
32 85
32 86
32 87
32 88
32 89
32 90
32 91
32 92
32 93
32 94
32 95
32 96
32 97
32 98
32 99
33 34
33 40
33 42
33 44
33 45
33 48
33 49
33 50
33 51
33 52
33 53
33 55
33 57
33 58
33 59
33 60
33 61
33 62
33 63
33 65
33 66
33 67
33 70
33 71
33 73
33 75
33 78
33 79
33 81
33 82
33 83
33 86
33 88
33 89
33 90
33 93
33 94
33 96
33 97
33 98
34 35
34 36
34 37
34 44
34 45
34 47
34 48
34 49
34 51
34 53
34 54
34 55
34 56
34 57
34 58
34 59
34 60
34 63
34 64
34 65
34 66
34 68
34 69
34 71
34 72
34 75
34 77
34 79
34 80
34 82
34 83
34 84
34 85
34 86
34 89
34 91
34 92
34 94
34 97
34 98
34 99
35 37
35 38
35 39
35 40
35 41
35 42
35 43
35 44
35 45
35 46
35 47
35 48
35 49
35 50
35 51
35 52
35 54
35 55
35 56
35 57
35 58
35 59
35 61
35 62
35 63
35 64
35 65
35 67
35 70
35 71
35 73
35 74
35 76
35 77
35 78
35 79
35 80
35 81
35 82
35 83
35 84
35 85
35 87
35 88
35 89
35 92
35 93
35 94
35 95
35 96
35 97
35 98
35 99
36 37
36 38
36 39
36 40
36 41
36 42
36 43
36 44
36 45
36 46
36 47
36 48
36 49
36 50
36 51
36 52
36 53
36 54
36 55
36 56
36 57
36 58
36 59
36 60
36 61
36 62
36 63
36 64
36 65
36 66
36 67
36 68
36 69
36 70
36 71
36 72
36 73
36 74
36 75
36 76
36 77
36 78
36 79
36 80
36 81
36 84
36 85
36 86
36 87
36 88
36 90
36 91
36 92
36 93
36 94
36 95
36 96
36 97
36 98
36 99
37 38
37 39
37 40
37 41
37 43
37 44
37 45
37 46
37 47
37 48
37 49
37 50
37 51
37 52
37 53
37 55
37 56
37 57
37 58
37 59
37 61
37 62
37 63
37 64
37 65
37 66
37 67
37 69
37 71
37 72
37 73
37 75
37 76
37 77
37 78
37 79
37 81
37 82
37 83
37 85
37 86
37 88
37 89
37 91
37 92
37 93
37 94
37 95
37 97
37 98
37 99
38 43
38 46
38 47
38 48
38 49
38 50
38 52
38 53
38 54
38 57
38 59
38 61
38 65
38 66
38 67
38 68
38 69
38 71
38 73
38 79
38 80
38 81
38 84
38 86
38 87
38 88
38 91
38 94
38 95
38 97
38 98
38 99
39 40
39 48
39 49
39 54
39 58
39 66
39 75
39 76
39 78
39 79
39 85
39 98
40 41
40 42
40 43
40 45
40 46
40 47
40 48
40 49
40 50
40 51
40 53
40 54
40 55
40 56
40 57
40 58
40 59
40 60
40 61
40 62
40 63
40 65
40 66
40 67
40 68
40 69
40 70
40 71
40 72
40 73
40 74
40 75
40 77
40 78
40 79
40 81
40 82
40 83
40 84
40 85
40 86
40 87
40 88
40 89
40 90
40 91
40 92
40 93
40 95
40 96
40 97
40 98
40 99
41 42
41 43
41 44
41 45
41 46
41 47
41 48
41 49
41 50
41 51
41 52
41 53
41 54
41 55
41 56
41 57
41 59
41 60
41 61
41 62
41 63
41 64
41 65
41 66
41 67
41 68
41 69
41 70
41 71
41 72
41 73
41 74
41 75
41 76
41 77
41 78
41 79
41 80
41 81
41 82
41 83
41 84
41 85
41 86
41 87
41 88
41 89
41 90
41 91
41 92
41 93
41 94
41 95
41 96
41 97
41 98
42 48
42 68
42 75
42 79
42 85
42 90
43 44
43 45
43 46
43 48
43 49
43 51
43 54
43 55
43 56
43 57
43 59
43 60
43 61
43 63
43 64
43 65
43 67
43 68
43 71
43 72
43 73
43 77
43 80
43 82
43 84
43 85
43 86
43 87
43 88
43 89
43 91
43 95
43 96
43 97
43 99
44 47
44 48
44 52
44 53
44 54
44 55
44 56
44 57
44 58
44 65
44 66
44 68
44 69
44 71
44 74
44 75
44 78
44 81
44 82
44 83
44 85
44 86
44 87
44 89
44 92
44 95
44 96
44 98
45 46
45 47
45 48
45 49
45 50
45 52
45 53
45 54
45 55
45 58
45 59
45 61
45 62
45 64
45 65
45 66
45 67
45 69
45 71
45 73
45 74
45 75
45 76
45 79
45 80
45 81
45 82
45 83
45 84
45 85
45 86
45 87
45 88
45 89
45 90
45 91
45 92
45 93
45 94
45 95
45 96
45 97
45 98
46 47
46 48
46 49
46 51
46 52
46 53
46 55
46 56
46 59
46 60
46 61
46 62
46 63
46 64
46 65
46 68
46 69
46 70
46 72
46 73
46 74
46 75
46 76
46 77
46 78
46 79
46 80
46 85
46 87
46 88
46 89
46 90
46 91
46 92
46 94
46 95
46 96
46 99
47 48
47 49
47 50
47 51
47 52
47 53
47 55
47 57
47 58
47 59
47 60
47 61
47 62
47 63
47 64
47 65
47 66
47 67
47 68
47 70
47 71
47 72
47 73
47 74
47 75
47 78
47 79
47 80
47 81
47 82
47 83
47 84
47 85
47 86
47 87
47 89
47 90
47 91
47 92
47 93
47 94
47 95
47 96
47 97
47 98
47 99
48 54
48 57
48 65
48 67
48 70
48 72
48 78
48 83
48 84
48 86
48 91
48 93
48 98
48 99
49 50
49 51
49 52
49 58
49 59
49 60
49 63
49 66
49 76
49 77
49 78
49 79
49 83
49 86
49 88
49 90
49 98
50 51
50 52
50 53
50 54
50 55
50 56
50 57
50 58
50 59
50 60
50 61
50 62
50 63
50 64
50 65
50 66
50 67
50 68
50 69
50 70
50 71
50 72
50 73
50 74
50 75
50 76
50 78
50 79
50 80
50 81
50 82
50 83
50 84
50 85
50 86
50 87
50 88
50 89
50 90
50 91
50 92
50 93
50 94
50 95
50 96
50 97
50 98
50 99
51 52
51 53
51 54
51 56
51 57
51 58
51 61
51 64
51 67
51 69
51 70
51 71
51 72
51 73
51 74
51 75
51 76
51 77
51 79
51 80
51 82
51 83
51 84
51 85
51 87
51 88
51 89
51 90
51 91
51 92
51 93
51 94
51 95
51 96
51 98
51 99
52 53
52 54
52 55
52 56
52 57
52 58
52 59
52 60
52 61
52 62
52 63
52 64
52 65
52 66
52 67
52 68
52 69
52 70
52 71
52 72
52 73
52 74
52 75
52 76
52 77
52 78
52 79
52 80
52 81
52 82
52 83
52 84
52 85
52 86
52 87
52 88
52 89
52 90
52 91
52 92
52 93
52 94
52 95
52 96
52 97
52 98
52 99
53 55
53 56
53 59
53 60
53 62
53 63
53 64
53 68
53 69
53 72
53 74
53 75
53 76
53 78
53 82
53 83
53 84
53 85
53 86
53 87
53 88
53 90
53 91
53 92
53 94
53 98
54 55
54 59
54 60
54 61
54 62
54 63
54 64
54 67
54 68
54 74
54 75
54 76
54 77
54 78
54 81
54 85
54 88
54 90
54 91
54 93
54 97
54 98
55 57
55 59
55 60
55 65
55 67
55 68
55 69
55 70
55 72
55 73
55 76
55 77
55 79
55 80
55 81
55 82
55 83
55 84
55 85
55 87
55 89
55 90
55 92
55 93
55 94
55 95
55 97
55 98
56 57
56 58
56 72
56 73
56 79
56 81
56 90
56 95
57 58
57 59
57 60
57 62
57 63
57 64
57 65
57 66
57 67
57 68
57 69
57 70
57 71
57 72
57 73
57 74
57 75
57 76
57 77
57 78
57 79
57 80
57 81
57 82
57 83
57 84
57 85
57 87
57 88
57 89
57 90
57 91
57 92
57 94
57 95
57 96
57 97
57 98
57 99
58 61
58 64
58 65
58 68
58 72
58 75
58 78
58 81
58 84
58 87
58 89
58 92
58 94
58 95
59 65
59 68
59 69
59 72
59 76
59 80
59 82
59 83
60 64
60 67
60 68
60 75
60 83
60 87
60 92
61 62
61 63
61 64
61 65
61 66
61 67
61 68
61 69
61 71
61 72
61 73
61 74
61 75
61 78
61 82
61 83
61 84
61 85
61 87
61 88
61 89
61 90
61 92
61 93
61 94
61 95
61 96
61 97
61 98
61 99
62 63
62 64
62 65
62 66
62 67
62 68
62 69
62 70
62 72
62 74
62 75
62 76
62 77
62 78
62 81
62 83
62 85
62 86
62 87
62 90
62 91
62 92
62 93
62 95
62 97
62 98
62 99
63 65
63 67
63 69
63 70
63 71
63 73
63 75
63 76
63 77
63 78
63 79
63 80
63 81
63 82
63 83
63 84
63 85
63 86
63 87
63 88
63 89
63 90
63 91
63 92
63 93
63 94
63 95
63 96
63 97
63 98
64 66
64 69
64 71
64 73
64 76
64 82
64 84
64 85
64 87
64 90
64 95
64 97
64 98
64 99
65 69
65 70
65 71
65 72
65 75
65 78
65 81
65 82
65 85
65 89
65 94
65 95
65 97
65 98
66 74
66 80
66 82
66 84
66 90
66 91
66 99
67 82
67 90
67 91
67 95
67 98
67 99
68 71
68 72
68 73
68 74
68 75
68 76
68 78
68 80
68 81
68 82
68 83
68 84
68 85
68 87
68 90
68 91
68 92
68 93
68 95
68 96
68 97
68 98
68 99
69 71
69 72
69 89
69 93
69 95
69 97
70 71
70 72
70 73
70 74
70 75
70 76
70 77
70 78
70 79
70 80
70 81
70 82
70 83
70 85
70 86
70 89
70 90
70 92
70 93
70 94
70 96
70 97
70 98
70 99
71 76
71 79
71 80
71 85
71 86
71 88
71 90
71 91
71 94
71 95
71 96
72 76
72 77
72 79
72 80
72 81
72 82
72 85
72 87
72 89
72 90
72 91
72 92
72 93
72 98
73 99
74 75
74 76
74 77
74 78
74 79
74 80
74 81
74 82
74 83
74 84
74 85
74 86
74 87
74 88
74 89
74 90
74 91
74 92
74 93
74 94
74 95
74 96
74 97
74 98
74 99
75 77
75 79
75 80
75 83
75 86
75 87
75 95
75 96
75 98
76 86
76 88
76 89
76 90
77 79
77 80
77 81
77 82
77 83
77 85
77 88
77 89
77 90
77 92
77 93
77 94
77 95
77 96
77 97
77 98
78 80
78 81
78 82
78 84
78 85
78 86
78 87
78 88
78 90
78 92
78 97
78 98
79 81
79 93
80 88
81 84
81 99
82 84
82 85
82 87
82 88
82 90
82 91
82 92
82 93
82 95
82 96
82 97
82 98
83 98
84 88
84 93
84 96
85 87
85 91
85 93
85 94
85 96
85 98
86 87
86 89
86 90
86 91
86 92
86 94
86 95
86 96
86 97
86 98
86 99
87 88
87 89
87 90
87 91
87 92
87 94
87 95
87 96
87 97
87 98
87 99
88 92
88 93
89 90
89 91
89 92
89 93
89 94
89 95
89 96
89 97
89 98
89 99
90 91
90 92
90 93
90 94
90 95
90 96
90 98
90 99
91 92
91 93
91 94
91 96
91 97
91 98
91 99
92 96
92 97
92 99
93 94
93 98
93 99
94 97
94 98
94 99
95 96
95 97
95 98
95 99
96 98
96 99
97 98
97 99
98 99
