0 3
0 7
0 8
0 10
0 15
0 20
0 22
0 24
0 27
0 32
0 36
0 38
0 39
0 41
0 43
0 45
0 47
0 48
0 50
0 58
0 59
0 61
0 63
0 66
0 67
0 68
0 70
0 74
0 75
0 76
0 78
0 80
0 81
0 88
0 91
0 93
0 95
0 97
1 3
1 4
1 5
1 8
1 10
1 11
1 12
1 14
1 15
1 16
1 20
1 22
1 23
1 25
1 27
1 31
1 37
1 40
1 44
1 46
1 48
1 53
1 54
1 55
1 56
1 58
1 62
1 63
1 65
1 66
1 67
1 68
1 69
1 70
1 76
1 77
1 81
1 83
1 84
1 87
1 88
1 90
1 92
1 94
1 96
1 97
2 3
2 4
2 5
2 6
2 8
2 9
2 10
2 11
2 12
2 14
2 15
2 17
2 18
2 19
2 20
2 22
2 23
2 24
2 25
2 26
2 27
2 28
2 29
2 30
2 31
2 32
2 33
2 34
2 35
2 37
2 39
2 40
2 41
2 42
2 43
2 44
2 45
2 46
2 47
2 48
2 49
2 50
2 51
2 52
2 54
2 55
2 57
2 58
2 59
2 60
2 61
2 62
2 63
2 64
2 65
2 66
2 67
2 68
2 69
2 70
2 71
2 73
2 74
2 75
2 76
2 77
2 78
2 79
2 80
2 81
2 82
2 83
2 84
2 86
2 87
2 88
2 89
2 90
2 91
2 92
2 94
2 95
2 96
2 97
2 98
2 99
3 5
3 6
3 7
3 10
3 14
3 19
3 22
3 24
3 29
3 31
3 37
3 40
3 44
3 46
3 51
3 56
3 57
3 59
3 63
3 65
3 69
3 72
3 74
3 76
3 77
3 78
3 80
3 84
3 86
3 87
3 88
3 90
3 91
3 92
4 5
4 8
4 20
4 22
4 23
4 24
4 27
4 34
4 37
4 42
4 43
4 47
4 51
4 60
4 67
4 69
4 79
4 83
4 84
4 86
4 87
4 90
4 92
4 95
5 6
5 7
5 8
5 9
5 10
5 15
5 18
5 19
5 23
5 25
5 27
5 28
5 29
5 31
5 32
5 33
5 37
5 38
5 41
5 43
5 45
5 46
5 47
5 48
5 49
5 50
5 52
5 53
5 58
5 61
5 62
5 63
5 65
5 68
5 69
5 71
5 73
5 75
5 76
5 77
5 79
5 82
5 84
5 87
5 89
5 92
5 94
5 95
5 97
5 99
6 8
6 9
6 10
6 11
6 12
6 13
6 14
6 15
6 18
6 20
6 21
6 22
6 23
6 24
6 25
6 26
6 27
6 28
6 30
6 31
6 32
6 33
6 34
6 35
6 36
6 37
6 38
6 39
6 40
6 42
6 43
6 44
6 46
6 47
6 49
6 50
6 51
6 52
6 53
6 54
6 56
6 57
6 58
6 62
6 63
6 64
6 65
6 66
6 67
6 68
6 69
6 71
6 72
6 73
6 74
6 75
6 76
6 77
6 79
6 81
6 82
6 83
6 84
6 85
6 86
6 87
6 88
6 89
6 92
6 93
6 94
6 96
6 97
6 99
7 11
7 15
7 16
7 18
7 20
7 23
7 26
7 27
7 28
7 29
7 30
7 31
7 33
7 36
7 37
7 38
7 40
7 42
7 43
7 44
7 47
7 48
7 50
7 51
7 57
7 60
7 61
7 62
7 63
7 66
7 67
7 68
7 78
7 79
7 82
7 83
7 85
7 87
7 90
7 91
7 92
7 93
7 96
7 97
7 98
7 99
8 11
8 12
8 13
8 14
8 16
8 21
8 25
8 28
8 30
8 33
8 37
8 43
8 45
8 46
8 47
8 52
8 54
8 55
8 56
8 57
8 58
8 60
8 61
8 62
8 67
8 69
8 72
8 73
8 78
8 83
8 88
8 89
8 90
8 92
8 94
8 98
9 10
9 11
9 12
9 13
9 14
9 15
9 16
9 17
9 18
9 19
9 20
9 21
9 22
9 24
9 25
9 26
9 27
9 29
9 30
9 32
9 34
9 35
9 36
9 37
9 38
9 39
9 40
9 41
9 42
9 43
9 45
9 46
9 47
9 48
9 49
9 51
9 52
9 58
9 59
9 61
9 62
9 63
9 65
9 66
9 69
9 71
9 72
9 73
9 74
9 75
9 76
9 79
9 82
9 83
9 85
9 86
9 87
9 89
9 91
9 92
9 93
9 94
9 98
9 99
10 11
10 13
10 14
10 16
10 17
10 18
10 19
10 20
10 21
10 22
10 23
10 24
10 25
10 28
10 30
10 31
10 32
10 33
10 34
10 35
10 36
10 40
10 42
10 44
10 45
10 46
10 48
10 49
10 53
10 54
10 55
10 56
10 59
10 60
10 61
10 62
10 63
10 64
10 65
10 68
10 69
10 70
10 71
10 72
10 73
10 74
10 75
10 77
10 78
10 79
10 81
10 82
10 83
10 85
10 87
10 88
10 90
10 91
10 93
10 95
10 99
11 13
11 14
11 15
11 16
11 17
11 18
11 19
11 21
11 23
11 24
11 25
11 27
11 28
11 29
11 32
11 33
11 35
11 36
11 37
11 38
11 40
11 44
11 48
11 49
11 54
11 55
11 56
11 57
11 60
11 61
11 62
11 63
11 64
11 65
11 66
11 67
11 68
11 75
11 76
11 78
11 79
11 82
11 83
11 84
11 85
11 86
11 87
11 88
11 90
11 91
11 92
11 93
11 94
11 96
11 97
11 98
11 99
12 16
12 91
13 26
13 43
13 69
13 77
14 15
14 16
14 18
14 19
14 20
14 21
14 22
14 23
14 24
14 25
14 26
14 28
14 32
14 33
14 34
14 35
14 36
14 37
14 38
14 39
14 40
14 41
14 42
14 43
14 44
14 45
14 47
14 48
14 49
14 50
14 51
14 53
14 54
14 55
14 56
14 57
14 58
14 59
14 61
14 62
14 63
14 64
14 65
14 66
14 67
14 68
14 69
14 70
14 71
14 73
14 74
14 75
14 77
14 78
14 79
14 80
14 81
14 82
14 83
14 84
14 85
14 86
14 87
14 88
14 89
14 91
14 92
14 94
14 95
14 96
14 97
14 98
14 99
15 18
15 24
15 25
15 37
15 38
15 41
15 42
15 44
15 45
15 51
15 55
15 60
15 73
15 76
15 77
15 87
15 90
15 92
16 26
16 32
16 43
16 61
16 63
16 69
16 72
16 74
16 79
16 80
16 86
16 87
16 95
17 18
17 19
17 20
17 21
17 22
17 24
17 25
17 26
17 28
17 29
17 32
17 35
17 36
17 37
17 38
17 40
17 41
17 42
17 44
17 45
17 47
17 48
17 50
17 51
17 52
17 53
17 55
17 58
17 59
17 60
17 61
17 62
17 63
17 67
17 68
17 69
17 70
17 73
17 74
17 75
17 76
17 78
17 79
17 82
17 83
17 84
17 85
17 86
17 87
17 88
17 89
17 90
17 91
17 92
17 93
17 95
17 96
17 97
17 98
17 99
18 21
18 32
18 34
18 35
18 49
18 53
18 54
18 56
18 58
18 59
18 60
18 61
18 62
18 64
18 67
18 69
18 72
18 74
18 97
19 31
19 41
19 45
19 48
19 49
19 51
19 58
19 64
19 67
19 69
19 73
19 89
19 90
19 99
20 21
20 26
20 27
20 28
20 29
20 31
20 32
20 33
20 35
20 38
20 42
20 43
20 46
20 47
20 51
20 54
20 59
20 60
20 62
20 63
20 65
20 68
20 72
20 73
20 74
20 78
20 79
20 81
20 87
20 89
20 90
20 91
20 92
20 93
20 95
20 99
21 22
21 23
21 24
21 28
21 29
21 32
21 33
21 38
21 49
21 52
21 55
21 56
21 59
21 66
21 68
21 69
21 72
21 73
21 75
21 76
21 77
21 79
21 89
21 90
21 96
22 38
22 46
22 90
23 26
23 27
23 31
23 33
23 35
23 37
23 39
23 40
23 43
23 44
23 45
23 46
23 51
23 52
23 53
23 55
23 60
23 61
23 64
23 68
23 69
23 70
23 75
23 77
23 80
23 81
23 83
23 84
23 86
23 88
23 89
23 91
23 94
23 95
23 97
24 25
24 26
24 27
24 28
24 30
24 34
24 35
24 36
24 41
24 42
24 45
24 47
24 55
24 60
24 61
24 69
24 70
24 72
24 73
24 74
24 79
24 82
24 83
24 86
24 90
24 92
24 94
24 95
24 96
24 97
25 26
25 27
25 28
25 29
25 30
25 31
25 32
25 34
25 35
25 36
25 37
25 42
25 43
25 44
25 45
25 46
25 48
25 49
25 51
25 53
25 54
25 55
25 56
25 57
25 58
25 59
25 60
25 61
25 66
25 67
25 68
25 69
25 71
25 72
25 73
25 74
25 76
25 77
25 78
25 79
25 80
25 82
25 84
25 85
25 86
25 87
25 89
25 90
25 91
25 95
25 96
25 97
25 98
25 99
26 27
26 28
26 29
26 31
26 32
26 34
26 35
26 36
26 37
26 38
26 39
26 40
26 41
26 42
26 43
26 44
26 46
26 47
26 48
26 49
26 50
26 51
26 52
26 53
26 54
26 55
26 56
26 57
26 58
26 59
26 61
26 62
26 63
26 64
26 65
26 66
26 67
26 68
26 69
26 70
26 71
26 72
26 74
26 75
26 76
26 78
26 79
26 80
26 81
26 82
26 83
26 84
26 86
26 87
26 88
26 94
26 95
26 96
26 97
26 98
26 99
27 32
27 55
27 56
27 57
27 69
27 71
27 78
27 95
28 29
28 30
28 31
28 32
28 33
28 34
28 35
28 36
28 37
28 38
28 39
28 40
28 41
28 43
28 44
28 45
28 46
28 47
28 49
28 50
28 51
28 52
28 53
28 54
28 55
28 56
28 57
28 58
28 59
28 60
28 61
28 62
28 63
28 64
28 66
28 67
28 68
28 69
28 70
28 71
28 72
28 73
28 74
28 75
28 76
28 77
28 78
28 79
28 80
28 81
28 82
28 83
28 84
28 85
28 86
28 88
28 89
28 90
28 91
28 92
28 93
28 94
28 95
28 96
28 97
28 98
28 99
29 36
29 48
30 31
30 32
30 33
30 34
30 35
30 37
30 39
30 40
30 41
30 43
30 44
30 46
30 47
30 48
30 49
30 50
30 51
30 52
30 53
30 54
30 55
30 56
30 58
30 59
30 62
30 63
30 65
30 66
30 67
30 68
30 69
30 70
30 72
30 73
30 74
30 75
30 79
30 81
30 82
30 83
30 84
30 85
30 86
30 87
30 88
30 89
30 90
30 91
30 94
30 95
30 96
30 97
30 99
31 32
31 33
31 34
31 36
31 37
31 39
31 41
31 42
31 43
31 44
31 45
31 47
31 48
31 49
31 50
31 51
31 52
31 53
31 54
31 55
31 56
31 57
31 58
31 59
31 60
31 61
31 62
31 63
31 64
31 66
31 67
31 68
31 69
31 70
31 71
31 72
31 73
31 74
31 75
31 76
31 77
31 78
31 79
31 80
31 81
31 82
31 83
31 84
31 85
31 86
31 87
31 88
31 89
31 91
31 93
31 94
31 95
31 96
31 98
31 99
32 33
32 34
32 35
32 36
32 37
32 38
32 39
32 40
32 41
32 42
32 43
32 44
32 45
32 46
32 47
32 48
32 49
32 50
32 51
32 53
32 54
32 55
32 57
32 58
32 59
32 60
32 61
32 62
32 63
32 64
32 65
32 66
32 67
32 68
32 69
32 70
32 71
32 72
32 73
32 74
32 75
32 76
32 77
32 78
32 80
32 82
32 83
32 84
32 85
32 86
32 87
32 89
32 90
32 92
32 93
32 94
32 95
32 96
32 97
32 98
32 99
33 38
33 48
33 51
33 53
33 58
33 61
33 63
33 64
33 66
33 78
33 84
33 93
33 96
34 39
34 81
35 40
35 49
35 52
35 53
35 56
35 57
35 59
35 63
35 65
35 66
35 67
35 68
35 71
35 72
35 75
35 77
35 78
35 80
35 84
35 86
35 88
35 89
35 91
35 95
35 99
36 37
36 38
36 42
36 49
36 51
36 52
36 56
36 57
36 58
36 60
36 65
36 66
36 70
36 71
36 72
36 74
36 78
36 79
36 81
36 82
36 84
36 87
36 88
36 90
36 93
36 94
36 95
36 96
36 99
37 38
37 78
38 52
38 53
38 54
38 56
38 57
38 62
38 64
38 65
38 67
38 68
38 71
38 73
38 75
38 78
38 87
38 88
38 92
38 97
39 48
39 53
39 78
39 79
39 83
39 86
39 92
39 94
39 99
40 43
40 45
40 46
40 48
40 50
40 51
40 52
40 53
40 54
40 55
40 56
40 57
40 58
40 62
40 63
40 67
40 68
40 69
40 74
40 75
40 76
40 77
40 79
40 80
40 83
40 85
40 90
40 91
40 92
40 94
40 95
40 98
40 99
41 49
41 52
41 56
41 57
41 62
41 63
41 68
41 69
41 70
41 71
41 76
41 82
41 86
41 87
41 88
41 92
41 93
41 95
41 99
42 53
42 64
42 67
42 79
42 89
42 93
42 94
42 96
43 44
43 46
43 47
43 48
43 49
43 51
43 52
43 53
43 55
43 56
43 57
43 58
43 59
43 60
43 61
43 62
43 64
43 66
43 67
43 69
43 71
43 72
43 73
43 74
43 77
43 78
43 79
43 80
43 81
43 82
43 84
43 85
43 86
43 87
43 88
43 90
43 93
43 94
43 95
43 96
43 97
43 98
43 99
44 49
44 51
44 56
44 57
44 60
44 61
44 63
44 65
44 77
44 80
44 82
44 87
44 90
44 92
44 95
44 99
45 46
45 48
45 51
45 53
45 54
45 55
45 56
45 57
45 58
45 59
45 61
45 62
45 64
45 65
45 66
45 68
45 70
45 71
45 72
45 73
45 74
45 75
45 76
45 78
45 79
45 80
45 81
45 82
45 83
45 85
45 86
45 88
45 89
45 91
45 92
45 93
45 94
45 96
45 97
45 99
46 49
46 58
46 61
46 63
46 70
46 71
46 72
46 74
46 81
46 83
46 88
46 89
46 92
46 98
46 99
47 48
47 49
47 50
47 51
47 52
47 53
47 54
47 55
47 56
47 57
47 58
47 59
47 61
47 62
47 63
47 64
47 65
47 66
47 67
47 68
47 69
47 70
47 71
47 72
47 73
47 74
47 75
47 76
47 77
47 78
47 79
47 80
47 81
47 82
47 83
47 84
47 85
47 86
47 87
47 88
47 89
47 90
47 91
47 92
47 93
47 94
47 95
47 96
47 98
47 99
48 64
48 89
49 52
49 53
49 54
49 55
49 56
49 57
49 58
49 59
49 60
49 62
49 66
49 67
49 69
49 70
49 71
49 74
49 76
49 77
49 79
49 80
49 83
49 85
49 86
49 87
49 89
49 90
49 92
49 97
49 98
49 99
50 51
50 54
50 56
50 57
50 59
50 61
50 63
50 64
50 67
50 68
50 70
50 73
50 75
50 76
50 77
50 78
50 80
50 82
50 84
50 85
50 86
50 87
50 88
50 90
50 91
50 92
50 94
50 95
50 98
50 99
51 52
51 53
51 54
51 55
51 56
51 57
51 59
51 60
51 61
51 62
51 63
51 64
51 65
51 66
51 67
51 68
51 69
51 70
51 71
51 72
51 73
51 74
51 75
51 76
51 77
51 78
51 80
51 81
51 82
51 83
51 84
51 85
51 86
51 87
51 88
51 89
51 91
51 92
51 93
51 94
51 95
51 96
51 97
51 98
51 99
52 53
52 55
52 56
52 59
52 62
52 63
52 65
52 66
52 68
52 69
52 70
52 71
52 73
52 78
52 79
52 81
52 88
52 92
52 93
52 97
53 54
53 55
53 56
53 57
53 59
53 60
53 62
53 63
53 64
53 65
53 66
53 68
53 69
53 72
53 73
53 78
53 80
53 81
53 85
53 86
53 87
53 88
53 90
53 92
53 94
53 95
53 97
53 98
54 55
54 56
54 57
54 58
54 59
54 60
54 61
54 62
54 63
54 64
54 65
54 66
54 67
54 68
54 69
54 70
54 71
54 72
54 73
54 74
54 75
54 76
54 77
54 78
54 79
54 80
54 81
54 82
54 83
54 84
54 85
54 86
54 87
54 88
54 89
54 90
54 92
54 93
54 94
54 95
54 96
54 97
54 99
55 58
55 60
55 62
55 63
55 64
55 67
55 70
55 73
55 74
55 79
55 82
55 84
55 89
55 92
55 93
55 95
56 57
56 58
56 59
56 60
56 61
56 62
56 63
56 64
56 65
56 66
56 67
56 68
56 69
56 70
56 73
56 74
56 75
56 76
56 77
56 78
56 80
56 81
56 82
56 83
56 85
56 86
56 87
56 88
56 89
56 90
56 91
56 92
56 93
56 94
56 95
56 96
56 97
56 98
56 99
57 60
57 61
57 62
57 63
57 65
57 66
57 68
57 69
57 73
57 74
57 75
57 76
57 77
57 78
57 82
57 83
57 84
57 86
57 87
57 88
57 89
57 90
57 91
57 92
57 93
57 94
57 95
57 96
57 97
57 99
58 59
58 60
58 63
58 64
58 69
58 70
58 71
58 74
58 75
58 76
58 77
58 79
58 80
58 81
58 82
58 83
58 85
58 87
58 88
58 89
58 90
58 91
58 92
58 93
58 97
58 99
59 60
59 61
59 62
59 63
59 64
59 65
59 66
59 67
59 68
59 69
59 70
59 71
59 72
59 73
59 74
59 75
59 76
59 77
59 78
59 79
59 80
59 81
59 82
59 83
59 84
59 85
59 86
59 87
59 88
59 89
59 90
59 91
59 92
59 93
59 94
59 95
59 96
59 97
59 98
59 99
60 64
60 65
60 67
60 68
60 69
60 71
60 72
60 73
60 74
60 75
60 76
60 77
60 78
60 79
60 80
60 82
60 85
60 86
60 87
60 89
60 90
60 93
60 94
60 96
60 97
61 62
61 63
61 64
61 65
61 69
61 72
61 73
61 74
61 75
61 76
61 77
61 80
61 82
61 84
61 85
61 86
61 89
61 90
61 91
61 92
61 94
61 96
61 98
62 66
62 72
62 76
62 84
62 86
62 91
63 64
63 66
63 67
63 68
63 70
63 73
63 74
63 78
63 81
63 83
63 84
63 85
63 86
63 87
63 88
63 89
63 90
63 92
63 94
63 95
63 98
63 99
64 66
64 67
64 68
64 70
64 72
64 73
64 74
64 75
64 76
64 77
64 78
64 80
64 81
64 82
64 83
64 85
64 86
64 87
64 88
64 89
64 90
64 91
64 92
64 93
64 94
64 95
64 96
64 97
64 98
64 99
65 66
65 67
65 68
65 69
65 72
65 73
65 74
65 75
65 76
65 78
65 85
65 88
65 89
65 90
65 97
66 67
66 68
66 69
66 70
66 71
66 72
66 73
66 74
66 75
66 76
66 77
66 78
66 79
66 80
66 81
66 83
66 84
66 85
66 86
66 87
66 88
66 89
66 90
66 91
66 92
66 93
66 94
66 95
66 96
66 97
66 98
66 99
67 68
67 69
67 70
67 72
67 73
67 75
67 77
67 79
67 80
67 81
67 82
67 84
67 85
67 86
67 88
67 89
67 90
67 91
67 93
67 94
67 95
67 96
67 97
67 98
68 70
68 72
68 74
68 76
68 77
68 82
68 83
68 85
68 88
68 94
68 97
68 98
69 70
69 75
69 79
69 81
69 84
69 85
69 86
69 90
69 92
69 93
69 96
69 99
70 76
70 79
71 72
71 73
71 74
71 75
71 76
71 77
71 78
71 80
71 81
71 82
71 83
71 84
71 85
71 87
71 89
71 90
71 91
71 92
71 94
71 95
71 96
71 97
71 98
71 99
72 75
72 77
72 79
72 82
72 83
72 86
72 90
72 91
72 92
72 93
73 88
73 89
73 96
74 75
74 76
74 77
74 78
74 80
74 81
74 82
74 83
74 84
74 86
74 87
74 88
74 89
74 90
74 92
74 94
74 95
74 96
74 97
74 98
74 99
75 76
75 77
75 79
75 80
75 81
75 82
75 84
75 85
75 86
75 88
75 89
75 90
75 91
75 92
75 96
75 98
76 77
76 80
76 86
76 90
76 91
76 92
76 94
76 96
76 97
76 98
77 80
77 83
77 88
77 89
77 92
77 95
77 98
77 99
78 84
78 85
79 80
79 81
79 82
79 83
79 85
79 86
79 87
79 88
79 90
79 91
79 92
79 93
79 94
79 95
79 96
79 98
79 99
80 91
80 94
81 92
81 94
81 95
82 84
82 85
82 86
82 87
82 89
82 90
82 91
82 92
82 93
82 94
82 95
82 97
82 98
82 99
83 84
83 86
83 90
83 99
84 85
85 86
85 87
85 88
85 89
85 91
85 92
85 93
85 94
85 95
85 97
85 98
85 99
86 87
86 90
86 96
87 88
87 89
87 90
87 91
87 92
87 93
87 94
87 95
87 96
87 97
87 98
87 99
88 89
88 90
88 92
88 94
88 95
88 97
88 99
89 90
89 91
89 92
89 94
89 95
89 96
90 91
90 95
90 96
90 97
91 93
91 97
92 93
92 95
92 97
93 94
93 95
93 96
93 97
93 98
93 99
94 95
94 98
94 99
95 96
95 97
96 98
97 98
97 99
98 99
