0 31
0 46
0 65
0 88
1 3
1 36
1 43
1 56
1 58
1 72
1 76
1 87
2 11
2 12
2 18
2 25
2 26
2 28
2 39
2 44
2 48
2 55
2 60
2 61
2 67
2 70
2 76
2 81
2 93
3 4
3 5
3 6
3 8
3 9
3 10
3 11
3 12
3 13
3 14
3 15
3 17
3 18
3 19
3 20
3 23
3 24
3 26
3 27
3 29
3 30
3 31
3 34
3 36
3 40
3 41
3 42
3 43
3 44
3 45
3 46
3 47
3 48
3 49
3 50
3 52
3 53
3 54
3 55
3 57
3 58
3 60
3 61
3 62
3 63
3 64
3 65
3 66
3 67
3 69
3 71
3 75
3 78
3 79
3 80
3 82
3 83
3 84
3 87
3 88
3 89
3 90
3 91
3 92
3 94
3 96
3 97
3 98
3 99
4 5
4 6
4 8
4 9
4 10
4 11
4 12
4 13
4 15
4 16
4 17
4 18
4 19
4 20
4 21
4 22
4 23
4 24
4 26
4 27
4 28
4 29
4 30
4 31
4 32
4 33
4 34
4 35
4 36
4 37
4 38
4 40
4 41
4 42
4 43
4 44
4 45
4 47
4 48
4 49
4 50
4 51
4 52
4 53
4 55
4 57
4 58
4 59
4 60
4 62
4 63
4 65
4 66
4 67
4 68
4 69
4 70
4 71
4 72
4 73
4 74
4 75
4 76
4 77
4 78
4 80
4 81
4 82
4 83
4 85
4 86
4 87
4 88
4 89
4 90
4 92
4 93
4 94
4 95
4 96
4 97
4 98
4 99
5 26
6 26
6 32
6 72
6 77
6 78
6 99
7 10
7 12
7 13
7 14
7 19
7 22
7 23
7 25
7 28
7 36
7 38
7 39
7 41
7 42
7 55
7 60
7 62
7 66
7 68
7 70
7 75
7 77
7 80
7 83
7 85
7 86
7 89
7 91
7 92
7 93
7 96
8 15
8 19
8 21
8 22
8 23
8 24
8 26
8 28
8 32
8 33
8 34
8 35
8 36
8 39
8 41
8 42
8 43
8 44
8 46
8 50
8 51
8 53
8 54
8 55
8 57
8 59
8 60
8 62
8 63
8 64
8 65
8 66
8 68
8 69
8 71
8 72
8 76
8 77
8 78
8 80
8 81
8 82
8 83
8 88
8 91
8 92
8 98
8 99
9 10
9 15
9 17
9 26
9 28
9 30
9 37
9 46
9 50
9 55
9 70
9 78
9 83
9 88
10 12
10 13
10 19
10 21
10 26
10 28
10 29
10 36
10 39
10 42
10 44
10 48
10 52
10 53
10 55
10 57
10 61
10 62
10 64
10 66
10 70
10 72
10 79
10 83
10 84
10 89
10 91
10 92
10 95
11 13
11 14
11 15
11 16
11 19
11 21
11 22
11 24
11 25
11 27
11 28
11 30
11 32
11 34
11 36
11 42
11 45
11 46
11 51
11 52
11 53
11 56
11 60
11 62
11 71
11 73
11 74
11 79
11 84
11 85
11 90
11 91
11 92
11 96
11 99
12 17
12 20
12 22
12 23
12 24
12 28
12 29
12 31
12 32
12 36
12 40
12 44
12 48
12 49
12 52
12 53
12 58
12 60
12 61
12 65
12 67
12 68
12 70
12 72
12 75
12 76
12 78
12 79
12 80
12 82
12 88
12 89
12 90
12 91
12 93
12 94
12 95
12 96
12 97
13 16
13 18
13 20
13 25
13 26
13 27
13 28
13 29
13 30
13 32
13 35
13 37
13 38
13 39
13 40
13 41
13 42
13 46
13 48
13 49
13 52
13 54
13 55
13 56
13 59
13 61
13 66
13 67
13 68
13 69
13 76
13 80
13 81
13 84
13 87
13 89
13 90
13 93
13 95
13 96
14 15
14 16
14 17
14 19
14 20
14 22
14 23
14 24
14 25
14 26
14 27
14 28
14 30
14 31
14 32
14 34
14 35
14 36
14 37
14 38
14 39
14 41
14 42
14 43
14 44
14 45
14 46
14 47
14 48
14 49
14 50
14 51
14 52
14 53
14 54
14 55
14 56
14 57
14 58
14 59
14 61
14 62
14 64
14 65
14 67
14 69
14 70
14 71
14 72
14 73
14 74
14 75
14 76
14 77
14 78
14 79
14 80
14 81
14 82
14 83
14 84
14 85
14 86
14 88
14 89
14 90
14 91
14 92
14 93
14 94
14 95
14 96
14 97
14 98
14 99
15 16
15 18
15 19
15 20
15 21
15 22
15 23
15 24
15 25
15 27
15 28
15 29
15 30
15 31
15 32
15 33
15 34
15 35
15 36
15 37
15 38
15 39
15 40
15 41
15 42
15 43
15 44
15 45
15 46
15 47
15 48
15 49
15 50
15 51
15 52
15 53
15 54
15 55
15 56
15 58
15 59
15 60
15 61
15 62
15 64
15 65
15 66
15 68
15 69
15 70
15 71
15 72
15 73
15 74
15 76
15 77
15 80
15 81
15 82
15 83
15 84
15 86
15 89
15 90
15 91
15 93
15 94
15 95
15 97
15 98
15 99
16 27
16 36
16 37
16 54
16 73
16 75
16 85
16 86
16 90
16 93
16 95
16 98
17 19
17 22
17 23
17 25
17 29
17 31
17 33
17 35
17 38
17 40
17 44
17 49
17 50
17 51
17 53
17 55
17 59
17 62
17 63
17 66
17 69
17 72
17 74
17 75
17 79
17 80
17 82
17 83
17 84
17 90
17 91
17 94
17 95
17 97
17 99
18 19
18 20
18 21
18 24
18 25
18 26
18 27
18 28
18 29
18 30
18 31
18 32
18 33
18 34
18 35
18 36
18 37
18 39
18 40
18 41
18 42
18 43
18 44
18 45
18 46
18 47
18 48
18 49
18 50
18 51
18 52
18 53
18 54
18 55
18 56
18 57
18 58
18 59
18 60
18 61
18 62
18 63
18 64
18 65
18 66
18 67
18 68
18 69
18 70
18 71
18 72
18 73
18 74
18 75
18 76
18 77
18 78
18 79
18 80
18 81
18 82
18 83
18 84
18 85
18 86
18 87
18 88
18 89
18 90
18 91
18 92
18 93
18 94
18 95
18 96
18 97
18 99
19 20
19 25
19 30
19 31
19 32
19 38
19 40
19 41
19 44
19 45
19 48
19 50
19 54
19 57
19 60
19 64
19 65
19 69
19 71
19 78
19 80
19 84
19 85
19 86
19 87
19 88
19 94
19 97
19 98
19 99
20 24
20 28
20 37
20 40
20 49
20 61
20 70
20 71
20 73
20 81
20 93
20 97
20 98
21 25
21 26
21 28
21 29
21 31
21 32
21 33
21 35
21 36
21 37
21 38
21 39
21 41
21 43
21 45
21 46
21 47
21 49
21 50
21 52
21 53
21 54
21 56
21 57
21 58
21 59
21 60
21 61
21 62
21 63
21 65
21 66
21 67
21 70
21 71
21 73
21 74
21 75
21 77
21 78
21 81
21 82
21 83
21 84
21 87
21 88
21 90
21 91
21 93
21 94
21 95
21 96
21 98
22 23
22 28
22 29
22 30
22 32
22 34
22 36
22 39
22 40
22 41
22 43
22 44
22 49
22 52
22 53
22 56
22 62
22 63
22 67
22 68
22 69
22 70
22 72
22 73
22 74
22 78
22 83
22 87
22 92
22 93
22 95
22 96
22 97
22 98
22 99
23 24
23 25
23 26
23 27
23 28
23 29
23 30
23 31
23 32
23 33
23 34
23 35
23 36
23 37
23 38
23 39
23 40
23 41
23 42
23 43
23 44
23 45
23 46
23 47
23 48
23 49
23 50
23 51
23 52
23 53
23 54
23 55
23 56
23 57
23 58
23 59
23 60
23 61
23 62
23 63
23 64
23 65
23 66
23 67
23 68
23 69
23 70
23 71
23 72
23 73
23 75
23 76
23 78
23 79
23 80
23 82
23 84
23 85
23 86
23 87
23 88
23 90
23 91
23 92
23 93
23 94
23 95
23 97
23 98
23 99
24 25
24 26
24 27
24 28
24 30
24 31
24 32
24 33
24 34
24 35
24 36
24 37
24 38
24 39
24 40
24 42
24 43
24 44
24 45
24 46
24 47
24 48
24 49
24 50
24 51
24 52
24 53
24 54
24 55
24 56
24 57
24 58
24 59
24 60
24 61
24 62
24 63
24 64
24 65
24 66
24 67
24 68
24 69
24 70
24 72
24 73
24 74
24 75
24 76
24 77
24 78
24 79
24 82
24 83
24 84
24 85
24 86
24 87
24 88
24 89
24 90
24 91
24 93
24 94
24 95
24 96
24 97
24 98
25 26
25 28
25 29
25 30
25 31
25 32
25 35
25 36
25 37
25 38
25 39
25 40
25 41
25 42
25 43
25 44
25 45
25 46
25 48
25 49
25 50
25 51
25 53
25 54
25 56
25 57
25 58
25 59
25 60
25 61
25 62
25 63
25 64
25 65
25 66
25 67
25 68
25 69
25 70
25 71
25 72
25 73
25 74
25 75
25 77
25 78
25 80
25 81
25 86
25 87
25 89
25 90
25 91
25 92
25 93
25 94
25 95
25 96
26 31
26 36
26 40
26 42
26 47
26 61
26 67
26 68
26 69
26 71
26 82
26 83
26 84
26 85
26 86
26 87
26 89
26 90
26 92
26 96
26 98
26 99
27 28
27 29
27 30
27 31
27 32
27 33
27 34
27 35
27 36
27 37
27 38
27 39
27 41
27 42
27 44
27 45
27 46
27 47
27 48
27 49
27 50
27 51
27 52
27 53
27 54
27 55
27 56
27 57
27 58
27 59
27 60
27 61
27 62
27 63
27 64
27 65
27 66
27 67
27 68
27 69
27 70
27 71
27 72
27 73
27 74
27 75
27 76
27 77
27 78
27 79
27 80
27 81
27 82
27 83
27 84
27 85
27 86
27 87
27 89
27 90
27 91
27 92
27 93
27 94
27 95
27 96
27 97
27 98
27 99
28 31
28 34
28 35
28 41
28 43
28 46
28 47
28 49
28 50
28 52
28 54
28 56
28 59
28 60
28 65
28 67
28 70
28 75
28 79
28 80
28 83
28 85
28 86
28 89
28 90
28 92
29 43
29 59
29 65
29 67
29 68
29 71
29 84
29 91
30 31
30 35
30 36
30 37
30 38
30 39
30 40
30 41
30 42
30 44
30 45
30 47
30 49
30 50
30 51
30 52
30 53
30 54
30 55
30 57
30 58
30 59
30 60
30 61
30 62
30 63
30 64
30 65
30 66
30 67
30 68
30 71
30 72
30 73
30 75
30 76
30 77
30 78
30 79
30 80
30 82
30 85
30 87
30 88
30 89
30 90
30 91
30 92
30 93
30 95
30 96
30 97
30 98
31 32
31 34
31 41
31 42
31 43
31 44
31 45
31 46
31 49
31 50
31 53
31 54
31 55
31 56
31 57
31 58
31 59
31 62
31 63
31 65
31 66
31 68
31 71
31 73
31 74
31 76
31 77
31 78
31 79
31 80
31 81
31 82
31 84
31 85
31 86
31 88
31 90
31 91
31 92
31 96
31 97
32 33
32 34
32 35
32 40
32 41
32 42
32 43
32 44
32 45
32 50
32 51
32 52
32 53
32 54
32 55
32 57
32 58
32 60
32 61
32 62
32 63
32 64
32 65
32 66
32 67
32 69
32 70
32 71
32 72
32 73
32 74
32 76
32 78
32 83
32 85
32 86
32 88
32 89
32 90
32 93
32 94
32 96
32 99
33 34
33 42
33 43
33 44
33 46
33 48
33 50
33 51
33 52
33 53
33 54
33 60
33 61
33 62
33 63
33 64
33 68
33 69
33 70
33 71
33 72
33 74
33 76
33 79
33 80
33 83
33 84
33 88
33 89
33 90
33 91
33 92
33 93
33 94
33 97
33 99
34 36
34 37
34 38
34 39
34 40
34 41
34 42
34 45
34 46
34 49
34 50
34 52
34 53
34 54
34 57
34 59
34 61
34 62
34 64
34 66
34 68
34 69
34 70
34 71
34 72
34 73
34 74
34 75
34 76
34 77
34 78
34 80
34 81
34 85
34 87
34 90
34 91
34 92
34 93
34 96
34 98
35 36
35 39
35 42
35 44
35 45
35 50
35 51
35 58
35 59
35 60
35 61
35 65
35 71
35 72
35 78
35 80
35 86
35 90
35 97
36 37
36 38
36 39
36 40
36 41
36 42
36 44
36 45
36 46
36 47
36 48
36 49
36 50
36 51
36 52
36 53
36 54
36 55
36 56
36 57
36 58
36 59
36 60
36 61
36 62
36 63
36 64
36 66
36 67
36 68
36 69
36 70
36 71
36 72
36 73
36 74
36 75
36 76
36 77
36 78
36 79
36 80
36 81
36 82
36 83
36 84
36 85
36 86
36 87
36 88
36 89
36 90
36 91
36 92
36 93
36 94
36 95
36 96
36 97
36 98
36 99
37 42
38 39
38 40
38 41
38 42
38 43
38 44
38 45
38 46
38 47
38 48
38 49
38 50
38 51
38 52
38 53
38 54
38 55
38 57
38 58
38 59
38 60
38 61
38 62
38 63
38 64
38 65
38 66
38 67
38 68
38 69
38 70
38 71
38 73
38 74
38 75
38 76
38 77
38 78
38 79
38 80
38 81
38 82
38 83
38 84
38 85
38 86
38 87
38 88
38 89
38 91
38 92
38 93
38 94
38 95
38 96
38 97
38 98
38 99
39 56
39 64
40 41
40 47
40 49
40 57
40 58
40 59
40 69
40 72
40 75
40 76
40 77
40 82
40 86
40 89
40 91
40 92
40 95
40 96
40 97
40 98
41 48
41 50
41 58
41 60
41 66
41 68
41 70
41 71
41 75
41 80
41 83
41 90
41 91
41 96
41 98
42 49
42 52
42 53
42 55
42 58
42 59
42 62
42 63
42 67
42 69
42 70
42 71
42 76
42 77
42 79
42 83
42 84
42 86
42 87
42 93
43 46
43 47
43 53
43 54
43 61
43 73
43 74
43 76
43 80
43 81
43 85
43 90
43 91
43 93
43 95
44 45
44 46
44 47
44 48
44 49
44 50
44 51
44 52
44 53
44 54
44 55
44 56
44 57
44 58
44 59
44 60
44 61
44 62
44 63
44 64
44 65
44 66
44 67
44 68
44 69
44 70
44 71
44 72
44 73
44 74
44 75
44 76
44 77
44 78
44 79
44 80
44 81
44 82
44 83
44 84
44 85
44 86
44 87
44 88
44 90
44 91
44 92
44 93
44 94
44 95
44 96
44 97
44 98
44 99
45 53
45 63
45 65
45 67
45 69
45 70
45 72
45 74
45 79
45 80
45 81
45 83
45 84
45 85
45 89
45 91
45 95
46 62
46 79
47 48
47 49
47 52
47 53
47 54
47 55
47 56
47 62
47 65
47 68
47 69
47 71
47 74
47 76
47 77
47 78
47 81
47 82
47 83
47 84
47 85
47 86
47 89
47 90
47 91
47 92
47 94
47 95
47 96
47 98
47 99
48 49
48 50
48 51
48 52
48 53
48 54
48 55
48 56
48 57
48 58
48 59
48 60
48 61
48 62
48 63
48 64
48 65
48 66
48 68
48 69
48 70
48 71
48 72
48 73
48 74
48 75
48 76
48 77
48 78
48 79
48 80
48 81
48 82
48 83
48 84
48 87
48 88
48 89
48 90
48 91
48 92
48 93
48 95
48 96
48 97
48 98
48 99
49 50
49 51
49 52
49 53
49 55
49 56
49 57
49 58
49 59
49 60
49 61
49 62
49 63
49 64
49 65
49 66
49 67
49 68
49 69
49 71
49 72
49 73
49 74
49 76
49 77
49 78
49 79
49 80
49 81
49 82
49 84
49 85
49 88
49 89
49 90
49 91
49 93
49 95
49 96
49 97
49 98
49 99
50 51
50 52
50 53
50 54
50 56
50 57
50 58
50 59
50 60
50 61
50 62
50 63
50 64
50 66
50 68
50 70
50 73
50 74
50 75
50 76
50 77
50 80
50 81
50 82
50 83
50 85
50 86
50 87
50 88
50 90
50 91
50 92
50 93
50 94
50 95
50 96
50 97
50 99
51 52
51 53
51 54
51 55
51 56
51 57
51 58
51 59
51 60
51 61
51 62
51 63
51 65
51 68
51 69
51 70
51 74
51 75
51 76
51 78
51 79
51 80
51 81
51 82
51 83
51 85
51 86
51 87
51 88
51 89
51 92
51 95
51 96
51 97
51 98
52 53
52 54
52 55
52 56
52 57
52 58
52 59
52 60
52 61
52 62
52 63
52 64
52 65
52 66
52 67
52 68
52 70
52 71
52 72
52 73
52 74
52 75
52 76
52 77
52 78
52 79
52 80
52 82
52 83
52 84
52 85
52 86
52 87
52 88
52 89
52 90
52 91
52 92
52 93
52 94
52 95
52 96
52 97
52 98
52 99
53 57
53 61
53 66
54 55
54 56
54 57
54 58
54 59
54 60
54 61
54 62
54 63
54 64
54 65
54 66
54 67
54 68
54 69
54 70
54 71
54 72
54 73
54 74
54 75
54 76
54 77
54 78
54 79
54 80
54 81
54 82
54 83
54 84
54 85
54 86
54 87
54 88
54 89
54 90
54 91
54 92
54 93
54 94
54 95
54 96
54 97
54 98
54 99
55 56
55 57
55 58
55 59
55 60
55 61
55 62
55 63
55 65
55 66
55 67
55 68
55 69
55 70
55 71
55 72
55 73
55 74
55 75
55 77
55 78
55 79
55 80
55 81
55 82
55 83
55 84
55 85
55 86
55 87
55 88
55 89
55 90
55 91
55 92
55 93
55 94
55 95
55 96
55 97
55 98
55 99
56 57
56 58
56 60
56 62
56 63
56 66
56 67
56 72
56 73
56 74
56 75
56 76
56 77
56 78
56 81
56 82
56 83
56 89
56 93
56 94
56 97
56 98
57 58
57 76
57 88
57 93
57 99
58 62
58 63
58 64
58 65
58 66
58 67
58 68
58 69
58 71
58 73
58 74
58 77
58 78
58 79
58 82
58 83
58 85
58 88
58 91
58 95
58 97
58 99
59 60
59 61
59 62
59 63
59 64
59 65
59 66
59 67
59 68
59 69
59 70
59 71
59 72
59 73
59 74
59 76
59 77
59 78
59 79
59 80
59 81
59 82
59 83
59 84
59 85
59 86
59 87
59 88
59 89
59 90
59 91
59 92
59 93
59 94
59 95
59 96
59 97
59 98
59 99
60 62
60 64
60 69
60 73
60 75
60 77
60 81
60 82
60 85
60 87
60 88
60 89
60 93
60 96
60 98
61 64
61 66
61 68
61 71
61 72
61 73
61 75
61 80
61 81
61 83
61 84
61 91
61 94
61 96
62 76
63 66
63 71
63 76
64 66
64 67
64 68
64 69
64 70
64 71
64 73
64 74
64 75
64 76
64 77
64 78
64 80
64 82
64 83
64 84
64 85
64 86
64 87
64 89
64 90
64 91
64 92
64 93
64 94
64 95
64 96
64 97
64 99
65 66
65 67
65 68
65 69
65 70
65 71
65 73
65 74
65 75
65 76
65 77
65 78
65 79
65 80
65 81
65 83
65 84
65 85
65 86
65 87
65 88
65 90
65 92
65 93
65 94
65 96
65 97
65 99
66 68
66 69
66 70
66 71
66 73
66 78
66 81
66 91
66 96
66 98
66 99
67 68
67 69
67 70
67 71
67 72
67 73
67 74
67 75
67 76
67 77
67 78
67 79
67 80
67 81
67 83
67 84
67 85
67 87
67 88
67 90
67 91
67 92
67 93
67 94
67 95
67 96
67 98
67 99
68 69
68 70
68 72
68 76
68 77
68 82
68 83
68 84
68 85
68 86
68 87
68 92
68 93
68 94
68 97
69 70
69 76
69 83
69 89
69 93
69 95
69 98
70 71
70 72
70 74
70 75
70 76
70 77
70 79
70 80
70 82
70 84
70 85
70 86
70 87
70 88
70 89
70 90
70 91
70 92
70 93
70 94
70 96
70 97
70 98
70 99
71 73
71 75
71 76
71 77
71 78
71 79
71 80
71 86
71 88
71 89
71 90
71 91
71 93
71 94
71 95
71 98
72 74
72 75
72 76
72 77
72 78
72 79
72 80
72 83
72 84
72 88
72 89
72 90
72 91
72 92
72 96
72 97
72 98
72 99
73 74
73 75
73 81
73 85
73 86
73 87
73 93
73 96
74 76
74 84
75 92
75 93
76 77
76 82
76 83
76 84
76 85
76 86
76 87
76 90
76 91
76 92
76 97
76 99
77 78
77 80
77 82
77 84
77 86
77 87
77 88
77 89
77 91
77 92
77 94
77 98
77 99
78 79
79 81
79 83
79 87
79 99
80 81
80 83
80 85
80 86
80 88
80 89
80 90
80 91
80 93
80 95
80 96
80 97
80 98
80 99
81 83
81 85
81 89
81 90
81 91
81 92
81 93
81 98
82 87
82 91
82 95
83 85
83 88
83 90
83 91
83 92
83 94
83 96
83 97
83 98
84 85
84 88
84 91
84 94
85 86
85 92
86 87
86 88
86 89
86 90
86 91
86 92
86 93
86 94
86 95
86 96
86 97
86 98
86 99
87 88
87 89
87 90
87 91
87 92
87 93
87 94
87 96
87 97
87 99
88 89
88 98
89 98
90 95
90 98
90 99
91 92
91 93
91 94
91 95
91 96
91 98
91 99
92 93
92 94
92 95
92 96
92 98
92 99
93 94
93 95
93 96
93 97
93 98
93 99
94 97
94 99
95 98
95 99
96 97
96 98
97 99
98 99
