0 9
0 19
0 25
0 29
0 34
0 35
0 45
0 48
0 50
0 54
0 60
0 70
0 72
0 76
0 93
0 98
1 2
1 3
1 4
1 5
1 7
1 8
1 9
1 10
1 11
1 12
1 13
1 14
1 15
1 16
1 17
1 19
1 20
1 21
1 22
1 23
1 24
1 25
1 26
1 29
1 30
1 31
1 32
1 33
1 34
1 35
1 36
1 38
1 40
1 41
1 42
1 43
1 44
1 45
1 46
1 47
1 48
1 52
1 54
1 55
1 57
1 58
1 59
1 60
1 61
1 62
1 63
1 64
1 65
1 66
1 67
1 68
1 69
1 70
1 71
1 72
1 73
1 74
1 75
1 76
1 77
1 79
1 80
1 81
1 82
1 83
1 84
1 85
1 86
1 87
1 89
1 90
1 91
1 93
1 94
1 95
1 96
1 97
1 98
1 99
2 4
2 5
2 7
2 8
2 9
2 10
2 12
2 13
2 15
2 17
2 18
2 19
2 24
2 25
2 26
2 28
2 31
2 32
2 33
2 34
2 35
2 36
2 38
2 40
2 41
2 43
2 45
2 46
2 52
2 60
2 61
2 62
2 65
2 66
2 68
2 69
2 70
2 75
2 78
2 83
2 84
2 85
2 87
2 90
2 91
2 92
2 94
2 98
2 99
3 14
3 60
4 5
4 6
4 7
4 8
4 9
4 10
4 11
4 12
4 13
4 14
4 15
4 16
4 17
4 18
4 19
4 20
4 21
4 22
4 23
4 24
4 25
4 26
4 27
4 28
4 29
4 30
4 31
4 32
4 33
4 34
4 35
4 36
4 37
4 38
4 39
4 40
4 41
4 42
4 43
4 44
4 45
4 46
4 47
4 48
4 49
4 50
4 51
4 52
4 53
4 54
4 55
4 56
4 57
4 58
4 59
4 60
4 61
4 62
4 63
4 64
4 65
4 66
4 67
4 68
4 69
4 70
4 71
4 72
4 73
4 74
4 75
4 76
4 77
4 78
4 79
4 80
4 81
4 83
4 84
4 85
4 86
4 87
4 88
4 89
4 90
4 91
4 92
4 93
4 94
4 95
4 96
4 97
4 98
4 99
5 7
5 8
5 9
5 10
5 11
5 12
5 13
5 14
5 15
5 16
5 17
5 18
5 19
5 20
5 21
5 23
5 24
5 25
5 26
5 27
5 28
5 29
5 30
5 31
5 32
5 34
5 35
5 36
5 37
5 38
5 39
5 40
5 41
5 42
5 43
5 44
5 46
5 48
5 49
5 50
5 51
5 52
5 53
5 54
5 55
5 56
5 57
5 58
5 59
5 60
5 61
5 63
5 64
5 65
5 66
5 67
5 68
5 69
5 70
5 71
5 72
5 73
5 74
5 75
5 76
5 77
5 78
5 79
5 80
5 81
5 82
5 83
5 84
5 85
5 86
5 87
5 88
5 90
5 91
5 92
5 93
5 94
5 96
5 97
5 98
5 99
6 8
6 9
6 10
6 11
6 14
6 15
6 17
6 22
6 23
6 24
6 25
6 29
6 30
6 31
6 32
6 33
6 34
6 37
6 38
6 40
6 41
6 42
6 43
6 44
6 45
6 48
6 49
6 50
6 55
6 56
6 62
6 64
6 69
6 72
6 73
6 75
6 76
6 78
6 80
6 81
6 84
6 85
6 87
6 89
6 91
6 92
6 93
6 96
6 98
7 9
7 10
7 11
7 12
7 13
7 15
7 18
7 20
7 21
7 23
7 24
7 26
7 31
7 32
7 34
7 35
7 36
7 38
7 40
7 41
7 42
7 43
7 45
7 49
7 50
7 53
7 54
7 55
7 56
7 57
7 58
7 59
7 64
7 65
7 68
7 69
7 70
7 71
7 72
7 75
7 76
7 79
7 80
7 81
7 82
7 83
7 84
7 86
7 89
7 90
7 92
7 96
7 97
7 98
7 99
8 16
8 21
8 29
8 31
8 37
8 38
8 39
8 44
8 47
8 58
8 60
8 73
8 78
8 93
8 98
9 10
9 11
9 12
9 13
9 14
9 19
9 21
9 22
9 23
9 26
9 28
9 29
9 30
9 35
9 36
9 38
9 39
9 40
9 41
9 46
9 47
9 49
9 50
9 54
9 55
9 57
9 60
9 62
9 63
9 65
9 66
9 67
9 68
9 69
9 70
9 73
9 74
9 75
9 76
9 78
9 79
9 81
9 82
9 83
9 84
9 85
9 86
9 87
9 88
9 90
9 91
9 93
9 95
9 97
9 98
10 11
10 12
10 13
10 19
10 20
10 22
10 24
10 25
10 27
10 29
10 31
10 32
10 33
10 34
10 35
10 39
10 40
10 41
10 42
10 44
10 45
10 46
10 47
10 48
10 50
10 51
10 52
10 53
10 56
10 57
10 58
10 59
10 60
10 61
10 62
10 63
10 65
10 66
10 67
10 69
10 70
10 71
10 74
10 75
10 81
10 82
10 84
10 85
10 87
10 88
10 90
10 91
10 92
10 94
10 95
10 96
10 97
10 98
10 99
11 14
11 20
11 22
11 24
11 25
11 27
11 28
11 31
11 32
11 34
11 36
11 39
11 40
11 44
11 46
11 47
11 49
11 52
11 54
11 55
11 57
11 58
11 59
11 63
11 64
11 65
11 67
11 70
11 71
11 74
11 75
11 76
11 77
11 79
11 80
11 81
11 83
11 86
11 88
11 92
11 94
11 95
11 97
12 13
12 15
12 28
12 41
12 43
12 48
12 51
12 53
12 55
12 72
12 78
12 80
12 82
12 90
12 93
12 98
13 39
13 50
13 52
13 58
13 78
13 80
13 81
14 15
14 16
14 17
14 18
14 19
14 20
14 21
14 22
14 23
14 24
14 25
14 26
14 27
14 29
14 30
14 31
14 33
14 34
14 35
14 36
14 37
14 38
14 39
14 40
14 41
14 42
14 43
14 44
14 45
14 46
14 47
14 48
14 49
14 50
14 51
14 52
14 53
14 54
14 55
14 56
14 57
14 58
14 59
14 60
14 61
14 62
14 63
14 64
14 65
14 66
14 67
14 68
14 69
14 70
14 72
14 74
14 75
14 76
14 77
14 78
14 79
14 80
14 81
14 82
14 83
14 84
14 85
14 86
14 87
14 88
14 89
14 90
14 91
14 92
14 93
14 94
14 95
14 96
14 97
14 98
14 99
15 19
15 21
15 24
15 26
15 27
15 29
15 30
15 31
15 32
15 33
15 34
15 35
15 36
15 38
15 40
15 41
15 42
15 43
15 51
15 55
15 56
15 57
15 60
15 62
15 63
15 65
15 67
15 68
15 70
15 71
15 73
15 75
15 82
15 88
15 89
15 94
15 97
16 20
16 21
16 23
16 41
16 49
16 57
16 63
16 69
16 81
16 90
16 91
17 18
17 19
17 20
17 21
17 22
17 23
17 24
17 25
17 26
17 27
17 28
17 29
17 30
17 31
17 32
17 33
17 34
17 35
17 36
17 37
17 38
17 39
17 40
17 42
17 43
17 44
17 45
17 46
17 47
17 48
17 49
17 50
17 51
17 52
17 53
17 54
17 55
17 56
17 57
17 58
17 59
17 60
17 61
17 62
17 63
17 64
17 65
17 66
17 67
17 68
17 69
17 70
17 71
17 72
17 73
17 74
17 75
17 76
17 77
17 78
17 79
17 80
17 81
17 82
17 83
17 84
17 85
17 86
17 87
17 88
17 89
17 90
17 91
17 92
17 93
17 94
17 95
17 97
17 98
17 99
18 19
18 20
18 21
18 22
18 23
18 24
18 25
18 26
18 27
18 28
18 29
18 30
18 32
18 34
18 35
18 36
18 37
18 38
18 39
18 40
18 41
18 42
18 43
18 44
18 45
18 46
18 47
18 48
18 49
18 50
18 52
18 53
18 54
18 55
18 56
18 57
18 58
18 60
18 61
18 62
18 63
18 64
18 65
18 66
18 68
18 69
18 70
18 71
18 72
18 73
18 74
18 75
18 76
18 77
18 78
18 79
18 80
18 81
18 83
18 84
18 85
18 86
18 87
18 88
18 89
18 90
18 92
18 93
18 94
18 95
18 96
18 97
18 98
18 99
19 25
19 27
19 28
19 33
19 35
19 36
19 37
19 38
19 40
19 41
19 43
19 44
19 47
19 49
19 51
19 57
19 63
19 64
19 65
19 66
19 67
19 68
19 72
19 77
19 80
19 84
19 90
19 91
20 21
20 22
20 24
20 25
20 27
20 30
20 31
20 33
20 34
20 35
20 36
20 37
20 43
20 46
20 48
20 49
20 51
20 54
20 56
20 58
20 59
20 61
20 62
20 63
20 64
20 66
20 68
20 70
20 73
20 74
20 75
20 77
20 78
20 79
20 80
20 81
20 82
20 83
20 84
20 85
20 88
20 89
20 92
20 93
20 94
20 95
20 96
20 99
21 22
21 23
21 24
21 25
21 27
21 28
21 31
21 32
21 33
21 34
21 35
21 37
21 39
21 40
21 41
21 43
21 45
21 47
21 48
21 49
21 50
21 53
21 54
21 55
21 56
21 57
21 58
21 59
21 61
21 63
21 64
21 65
21 68
21 69
21 70
21 73
21 74
21 78
21 79
21 81
21 82
21 83
21 85
21 86
21 87
21 88
21 89
21 91
21 92
21 93
21 95
21 97
21 98
22 29
22 60
22 91
23 27
23 29
23 32
23 33
23 35
23 37
23 39
23 40
23 43
23 47
23 48
23 49
23 52
23 56
23 60
23 63
23 66
23 68
23 70
23 71
23 72
23 74
23 78
23 79
23 81
23 82
23 84
23 85
23 86
23 87
23 88
23 89
23 90
23 92
23 93
23 94
23 97
23 98
23 99
24 39
24 76
24 77
24 85
24 99
25 26
25 27
25 28
25 31
25 35
25 36
25 37
25 39
25 41
25 44
25 45
25 48
25 51
25 53
25 54
25 63
25 65
25 68
25 70
25 76
25 80
25 81
25 84
25 85
25 86
25 87
25 88
25 91
26 27
26 28
26 30
26 31
26 32
26 33
26 34
26 35
26 36
26 37
26 38
26 39
26 40
26 41
26 42
26 43
26 44
26 45
26 46
26 47
26 48
26 49
26 50
26 51
26 52
26 53
26 54
26 55
26 56
26 57
26 58
26 59
26 60
26 61
26 62
26 63
26 64
26 65
26 66
26 67
26 68
26 69
26 70
26 71
26 72
26 73
26 74
26 75
26 77
26 78
26 79
26 80
26 82
26 83
26 84
26 87
26 88
26 89
26 90
26 91
26 92
26 93
26 94
26 95
26 96
26 97
26 98
26 99
27 40
27 46
27 51
27 61
27 62
27 71
27 76
27 77
27 79
27 85
27 88
27 91
27 93
27 94
28 36
28 37
28 38
28 40
28 42
28 43
28 44
28 46
28 49
28 51
28 52
28 54
28 55
28 61
28 62
28 67
28 69
28 70
28 77
28 78
28 79
28 81
28 84
28 90
28 91
28 93
28 94
28 96
28 97
29 31
29 50
29 66
29 70
29 75
29 82
29 92
29 95
30 31
30 33
30 34
30 35
30 36
30 37
30 38
30 39
30 40
30 41
30 42
30 43
30 44
30 45
30 46
30 47
30 49
30 50
30 53
30 54
30 55
30 56
30 57
30 58
30 59
30 60
30 62
30 63
30 64
30 65
30 66
30 67
30 69
30 70
30 71
30 73
30 74
30 76
30 77
30 78
30 79
30 81
30 82
30 83
30 84
30 85
30 86
30 88
30 89
30 91
30 92
30 93
30 94
30 96
30 98
31 32
31 34
31 35
31 36
31 37
31 39
31 40
31 41
31 43
31 44
31 45
31 46
31 48
31 49
31 50
31 51
31 53
31 54
31 55
31 56
31 57
31 58
31 59
31 60
31 62
31 64
31 65
31 66
31 67
31 68
31 69
31 70
31 71
31 72
31 73
31 74
31 75
31 76
31 78
31 80
31 81
31 83
31 84
31 85
31 86
31 87
31 88
31 90
31 92
31 93
31 94
31 95
31 96
31 97
31 99
32 33
32 36
32 41
32 42
32 43
32 47
32 53
32 55
32 56
32 58
32 59
32 60
32 61
32 63
32 64
32 67
32 69
32 70
32 71
32 72
32 73
32 74
32 75
32 76
32 77
32 78
32 79
32 80
32 81
32 82
32 84
32 89
32 90
32 93
32 94
32 95
32 98
33 35
33 41
33 46
33 51
33 55
33 61
33 62
33 70
33 71
33 72
33 75
33 80
33 82
33 93
33 94
33 95
33 97
33 99
34 51
34 76
35 37
35 42
35 45
35 51
35 53
35 55
35 62
35 66
35 67
35 73
35 77
35 79
35 80
35 83
35 88
35 89
35 95
35 97
35 98
35 99
36 39
36 40
36 41
36 47
36 48
36 50
36 52
36 53
36 54
36 59
36 62
36 63
36 65
36 67
36 69
36 70
36 72
36 75
36 78
36 82
36 84
36 89
36 90
36 91
36 92
36 93
36 94
36 95
36 99
37 38
37 39
37 41
37 42
37 44
37 45
37 46
37 50
37 51
37 52
37 53
37 54
37 55
37 56
37 57
37 58
37 60
37 61
37 62
37 63
37 64
37 66
37 67
37 68
37 69
37 70
37 71
37 78
37 79
37 80
37 82
37 83
37 84
37 88
37 89
37 90
37 91
37 93
37 94
37 95
37 96
37 97
37 98
37 99
38 41
38 43
38 44
38 57
38 58
38 61
38 71
38 73
38 74
38 75
38 80
38 85
38 89
38 91
38 95
39 42
39 43
39 45
39 46
39 47
39 48
39 49
39 51
39 52
39 53
39 54
39 55
39 56
39 57
39 58
39 60
39 62
39 63
39 64
39 65
39 67
39 68
39 69
39 71
39 72
39 73
39 76
39 77
39 79
39 80
39 82
39 83
39 84
39 86
39 87
39 90
39 91
39 92
39 93
39 95
39 97
39 98
39 99
40 41
40 42
40 45
40 47
40 48
40 49
40 50
40 54
40 55
40 59
40 60
40 61
40 62
40 63
40 64
40 65
40 66
40 67
40 68
40 69
40 70
40 72
40 74
40 75
40 78
40 79
40 80
40 81
40 82
40 84
40 87
40 88
40 89
40 90
40 91
40 95
40 97
40 98
40 99
41 42
41 43
41 44
41 45
41 46
41 47
41 48
41 49
41 50
41 52
41 53
41 58
41 60
41 61
41 62
41 63
41 64
41 65
41 66
41 67
41 69
41 70
41 71
41 72
41 73
41 74
41 77
41 78
41 80
41 82
41 83
41 84
41 85
41 86
41 87
41 89
41 90
41 91
41 93
41 96
41 97
41 98
41 99
42 44
42 45
42 47
42 48
42 53
42 54
42 55
42 56
42 57
42 58
42 59
42 60
42 63
42 64
42 66
42 67
42 68
42 71
42 73
42 75
42 77
42 78
42 79
42 80
42 81
42 82
42 84
42 86
42 87
42 88
42 89
42 91
42 93
42 94
42 97
42 98
42 99
43 45
43 46
43 47
43 48
43 57
43 61
43 64
43 65
43 70
43 74
43 84
43 85
43 87
43 89
43 91
43 94
43 97
44 45
44 49
44 50
44 52
44 54
44 55
44 57
44 58
44 61
44 62
44 63
44 65
44 67
44 68
44 69
44 71
44 72
44 74
44 76
44 77
44 78
44 80
44 81
44 82
44 83
44 84
44 85
44 86
44 88
44 89
44 90
44 92
44 93
44 94
44 95
44 97
44 99
45 54
45 78
45 97
46 49
46 50
46 51
46 52
46 53
46 57
46 58
46 60
46 61
46 63
46 66
46 67
46 68
46 69
46 71
46 72
46 73
46 74
46 76
46 78
46 79
46 82
46 86
46 92
46 94
46 95
46 96
46 97
46 98
46 99
47 52
47 53
47 65
47 68
47 77
47 80
47 95
48 51
48 52
48 80
48 84
48 89
49 52
49 56
49 58
49 60
49 63
49 65
49 66
49 67
49 68
49 69
49 70
49 71
49 74
49 76
49 79
49 80
49 82
49 83
49 84
49 85
49 86
49 89
49 92
49 93
49 94
49 96
49 97
49 99
50 51
50 52
50 54
50 55
50 56
50 57
50 58
50 59
50 60
50 62
50 63
50 64
50 68
50 70
50 71
50 75
50 76
50 78
50 79
50 80
50 82
50 83
50 84
50 85
50 86
50 87
50 88
50 89
50 92
50 94
50 96
50 98
50 99
51 68
51 77
51 85
51 87
51 88
51 99
52 54
52 56
52 58
52 62
52 66
52 69
52 82
52 83
52 89
52 92
52 95
52 98
53 54
53 56
53 58
53 59
53 60
53 61
53 62
53 63
53 65
53 66
53 68
53 70
53 71
53 72
53 73
53 74
53 75
53 76
53 78
53 79
53 80
53 81
53 82
53 84
53 85
53 86
53 87
53 88
53 89
53 90
53 91
53 92
53 93
53 95
53 97
53 98
53 99
54 55
54 56
54 57
54 58
54 59
54 60
54 61
54 63
54 64
54 65
54 66
54 67
54 68
54 69
54 70
54 71
54 72
54 73
54 74
54 75
54 76
54 77
54 78
54 79
54 80
54 81
54 82
54 83
54 84
54 85
54 86
54 87
54 88
54 89
54 90
54 91
54 92
54 93
54 94
54 95
54 97
54 99
55 57
55 63
55 74
55 79
55 83
55 95
55 96
55 97
56 57
56 70
56 73
56 74
56 75
56 78
56 85
56 86
56 88
56 89
56 90
56 91
56 92
57 72
57 99
58 63
58 67
58 72
58 75
58 80
58 90
58 91
58 94
58 95
58 96
58 97
59 60
59 61
59 62
59 63
59 64
59 65
59 66
59 67
59 68
59 69
59 70
59 71
59 72
59 73
59 74
59 75
59 76
59 77
59 78
59 79
59 80
59 81
59 82
59 83
59 84
59 85
59 86
59 87
59 88
59 89
59 90
59 91
59 92
59 93
59 94
59 95
59 96
59 97
59 98
59 99
60 67
60 68
60 70
60 72
60 74
60 77
60 78
60 80
60 84
60 87
60 88
60 92
60 93
60 94
60 95
60 99
61 62
61 63
61 64
61 65
61 67
61 69
61 70
61 75
61 78
61 79
61 82
61 83
61 87
61 88
61 89
61 90
61 91
61 92
61 94
61 97
61 98
62 63
62 64
62 65
62 66
62 67
62 68
62 69
62 70
62 72
62 73
62 74
62 75
62 76
62 77
62 79
62 80
62 81
62 82
62 83
62 84
62 85
62 86
62 88
62 89
62 90
62 91
62 92
62 93
62 94
62 95
62 97
62 98
62 99
63 64
63 69
63 74
63 75
63 76
63 77
63 78
63 79
63 80
63 81
63 84
63 86
63 87
63 89
63 91
63 93
63 94
63 97
64 66
64 67
64 68
64 71
64 72
64 75
64 77
64 78
64 79
64 81
64 82
64 83
64 84
64 86
64 87
64 88
64 89
64 94
64 95
64 96
64 97
64 98
64 99
65 66
65 73
65 74
65 77
65 79
65 80
65 87
65 90
65 93
65 96
65 98
66 67
66 68
66 69
66 70
66 75
66 76
66 77
66 78
66 79
66 82
66 83
66 84
66 87
66 88
66 90
66 91
66 93
66 94
66 98
67 69
67 70
67 71
67 73
67 74
67 75
67 76
67 77
67 78
67 79
67 80
67 81
67 82
67 83
67 85
67 86
67 87
67 88
67 90
67 92
67 93
67 94
67 95
67 96
67 98
67 99
68 71
68 72
68 73
68 74
68 75
68 78
68 80
68 83
68 85
68 86
68 88
68 92
68 94
68 95
68 97
69 74
69 82
69 88
70 72
70 74
70 76
70 77
70 81
70 82
70 84
70 85
70 86
70 87
70 88
70 90
70 93
70 94
70 96
70 97
71 72
71 73
71 75
71 76
71 77
71 79
71 82
71 86
71 89
71 91
71 92
71 93
71 96
71 97
71 98
72 73
72 74
72 75
72 76
72 77
72 78
72 79
72 80
72 82
72 85
72 86
72 89
72 90
72 91
72 92
72 93
72 95
72 96
72 97
72 98
72 99
73 76
73 80
73 82
73 84
73 86
73 88
73 90
73 94
73 96
73 97
73 98
73 99
74 75
74 76
74 77
74 78
74 79
74 80
74 81
74 83
74 84
74 85
74 86
74 88
74 89
74 90
74 91
74 92
74 94
74 95
74 96
74 97
74 98
75 76
75 77
75 78
75 79
75 81
75 82
75 83
75 85
75 86
75 87
75 89
75 90
75 91
75 93
75 95
75 98
75 99
76 77
76 78
76 79
76 80
76 81
76 83
76 84
76 85
76 86
76 87
76 88
76 89
76 90
76 91
76 92
76 93
76 94
76 95
76 96
76 97
76 98
76 99
77 78
77 79
77 81
77 82
77 83
77 84
77 85
77 88
77 89
77 90
77 91
77 93
77 95
77 96
77 97
77 98
77 99
78 98
79 80
79 81
79 82
79 83
79 84
79 85
79 87
79 88
79 89
79 90
79 94
79 96
79 97
79 99
80 81
80 82
80 84
80 85
80 86
80 87
80 88
80 89
80 90
80 91
80 92
80 93
80 95
80 96
80 98
80 99
81 85
81 87
81 91
81 93
81 98
81 99
82 83
82 85
82 86
82 87
82 88
82 91
82 93
82 95
82 98
82 99
83 84
83 85
83 87
83 88
83 89
83 90
83 91
83 92
83 93
83 94
83 95
83 96
83 97
83 98
83 99
84 85
84 86
84 87
84 88
84 89
84 90
84 91
84 92
84 93
84 94
84 95
84 96
84 97
84 98
84 99
85 90
86 88
86 97
87 88
87 89
87 90
87 92
87 94
87 95
87 96
87 97
87 98
87 99
88 89
88 93
88 95
89 92
89 93
89 95
89 96
89 97
90 98
91 95
91 96
91 98
91 99
92 93
92 94
92 97
92 99
93 96
94 99
95 96
95 97
95 98
96 97
97 98
97 99
98 99
