0 1
0 2
0 3
0 4
0 5
0 6
0 7
0 8
0 10
0 11
0 12
0 13
0 14
0 15
0 16
0 17
0 18
0 19
0 20
0 21
0 22
0 23
0 24
0 25
0 26
0 27
0 28
0 29
0 30
0 31
0 32
0 33
0 34
0 36
0 37
0 38
0 39
0 40
0 41
0 42
0 43
0 44
0 45
0 46
0 47
0 48
0 49
0 50
0 51
0 52
0 53
0 54
0 55
0 56
0 57
0 58
0 59
0 60
0 61
0 62
0 63
0 64
0 65
0 66
0 67
0 68
0 69
0 70
0 71
0 72
0 73
0 74
0 75
0 76
0 77
0 78
0 79
0 80
0 81
0 82
0 83
0 84
0 85
0 86
0 87
0 89
0 90
0 91
0 92
0 93
0 94
0 95
0 97
0 98
0 99
1 13
1 18
1 21
1 23
1 31
1 33
1 34
1 36
1 41
1 42
1 49
1 52
1 57
1 74
1 83
1 85
1 91
1 98
2 16
2 26
2 28
2 34
2 36
2 53
3 4
3 17
3 21
3 25
3 39
3 40
3 41
3 42
3 43
3 46
3 49
3 53
3 63
3 74
3 80
3 81
3 86
3 91
3 97
4 5
4 6
4 7
4 8
4 10
4 13
4 16
4 17
4 19
4 20
4 21
4 22
4 23
4 24
4 25
4 28
4 29
4 30
4 31
4 32
4 33
4 34
4 36
4 40
4 41
4 42
4 44
4 45
4 46
4 47
4 48
4 49
4 50
4 51
4 52
4 53
4 54
4 55
4 57
4 58
4 59
4 60
4 61
4 62
4 63
4 64
4 65
4 67
4 68
4 69
4 70
4 71
4 72
4 73
4 75
4 76
4 77
4 78
4 79
4 81
4 82
4 83
4 84
4 85
4 86
4 87
4 89
4 90
4 91
4 93
4 94
4 95
4 96
4 97
4 98
4 99
5 70
5 73
6 7
6 12
6 18
6 21
6 24
6 25
6 27
6 28
6 29
6 31
6 33
6 34
6 35
6 37
6 38
6 39
6 40
6 44
6 51
6 53
6 54
6 55
6 59
6 60
6 64
6 66
6 67
6 69
6 73
6 74
6 76
6 79
6 80
6 81
6 82
6 86
6 92
6 93
6 98
7 8
7 9
7 10
7 11
7 12
7 13
7 15
7 17
7 18
7 21
7 22
7 24
7 25
7 26
7 27
7 29
7 33
7 34
7 36
7 37
7 39
7 40
7 42
7 44
7 45
7 46
7 47
7 48
7 51
7 54
7 55
7 56
7 58
7 59
7 61
7 64
7 65
7 66
7 68
7 70
7 73
7 75
7 76
7 77
7 78
7 79
7 80
7 81
7 82
7 84
7 86
7 87
7 88
7 89
7 90
7 91
7 92
7 93
7 96
7 97
7 99
8 9
8 10
8 11
8 12
8 13
8 14
8 15
8 16
8 17
8 18
8 19
8 21
8 22
8 23
8 24
8 25
8 26
8 27
8 28
8 29
8 30
8 31
8 32
8 33
8 34
8 35
8 36
8 37
8 38
8 39
8 40
8 41
8 42
8 43
8 44
8 45
8 46
8 47
8 48
8 49
8 50
8 51
8 52
8 53
8 54
8 55
8 58
8 59
8 60
8 61
8 62
8 63
8 64
8 65
8 66
8 67
8 68
8 69
8 70
8 71
8 72
8 73
8 74
8 75
8 76
8 77
8 78
8 79
8 80
8 81
8 82
8 83
8 84
8 85
8 86
8 87
8 88
8 89
8 90
8 91
8 92
8 93
8 94
8 95
8 96
8 97
8 98
8 99
9 10
9 12
9 13
9 14
9 19
9 20
9 21
9 22
9 23
9 24
9 26
9 27
9 28
9 29
9 30
9 33
9 35
9 36
9 37
9 38
9 39
9 40
9 41
9 43
9 44
9 45
9 47
9 48
9 49
9 50
9 51
9 52
9 53
9 54
9 56
9 57
9 58
9 59
9 60
9 61
9 62
9 63
9 66
9 67
9 69
9 70
9 71
9 72
9 73
9 78
9 79
9 80
9 81
9 83
9 85
9 86
9 88
9 89
9 90
9 92
9 93
9 95
9 96
9 97
9 98
10 11
10 13
10 15
10 16
10 17
10 19
10 20
10 22
10 23
10 24
10 25
10 26
10 27
10 29
10 30
10 31
10 32
10 33
10 34
10 36
10 38
10 40
10 41
10 42
10 43
10 44
10 45
10 48
10 49
10 50
10 51
10 52
10 53
10 54
10 55
10 56
10 58
10 59
10 60
10 61
10 62
10 63
10 64
10 65
10 66
10 68
10 69
10 70
10 71
10 72
10 73
10 74
10 76
10 77
10 78
10 79
10 80
10 82
10 85
10 86
10 87
10 88
10 89
10 90
10 92
10 93
10 94
10 96
10 97
10 98
10 99
11 12
11 13
11 14
11 15
11 16
11 17
11 18
11 19
11 20
11 21
11 22
11 23
11 24
11 25
11 28
11 29
11 30
11 31
11 32
11 33
11 34
11 35
11 36
11 37
11 38
11 39
11 40
11 41
11 42
11 43
11 44
11 45
11 46
11 47
11 48
11 49
11 50
11 51
11 52
11 53
11 54
11 56
11 57
11 58
11 59
11 60
11 61
11 63
11 64
11 65
11 66
11 67
11 68
11 69
11 70
11 72
11 73
11 75
11 76
11 77
11 78
11 80
11 81
11 82
11 83
11 84
11 85
11 86
11 87
11 88
11 90
11 91
11 92
11 93
11 94
11 95
11 96
11 97
11 98
11 99
12 18
12 21
12 25
12 26
12 30
12 43
12 47
12 52
12 55
12 63
12 64
12 67
12 76
12 78
12 80
12 86
12 91
12 95
12 98
13 15
13 16
13 19
13 23
13 29
13 30
13 31
13 33
13 34
13 38
13 41
13 42
13 43
13 47
13 48
13 50
13 52
13 53
13 57
13 61
13 68
13 69
13 70
13 71
13 72
13 73
13 74
13 76
13 85
13 91
13 92
13 99
14 15
14 16
14 21
14 25
14 26
14 27
14 33
14 34
14 35
14 37
14 40
14 41
14 44
14 46
14 50
14 53
14 59
14 61
14 62
14 63
14 64
14 66
14 68
14 75
14 80
14 82
14 86
14 91
14 95
14 96
15 39
15 45
16 18
16 20
16 22
16 25
16 29
16 31
16 33
16 34
16 39
16 43
16 50
16 52
16 55
16 60
16 61
16 66
16 69
16 71
16 72
16 74
16 75
16 80
16 82
16 87
16 89
16 92
16 93
16 97
16 99
17 24
17 35
17 70
17 77
18 19
18 22
18 23
18 24
18 25
18 26
18 27
18 28
18 29
18 30
18 31
18 32
18 33
18 35
18 36
18 38
18 39
18 40
18 41
18 42
18 43
18 44
18 45
18 46
18 47
18 48
18 49
18 50
18 51
18 52
18 54
18 55
18 56
18 59
18 60
18 62
18 63
18 64
18 65
18 67
18 68
18 69
18 72
18 75
18 76
18 77
18 80
18 81
18 82
18 85
18 87
18 88
18 89
18 90
18 92
18 93
18 94
18 95
18 96
18 98
18 99
19 21
19 24
19 25
19 32
19 33
19 38
19 43
19 47
19 48
19 50
19 53
19 55
19 56
19 62
19 63
19 64
19 67
19 71
19 74
19 76
19 77
19 81
19 82
19 84
19 90
19 94
19 95
20 29
20 38
20 70
20 74
20 82
20 86
20 98
21 23
21 24
21 25
21 28
21 29
21 30
21 31
21 32
21 33
21 34
21 36
21 37
21 38
21 39
21 40
21 42
21 43
21 45
21 46
21 47
21 48
21 49
21 50
21 51
21 52
21 53
21 54
21 55
21 57
21 58
21 59
21 60
21 62
21 63
21 64
21 65
21 67
21 68
21 69
21 70
21 71
21 74
21 77
21 78
21 79
21 80
21 81
21 82
21 83
21 84
21 85
21 88
21 89
21 90
21 91
21 92
21 93
21 94
21 95
21 96
21 97
21 98
21 99
22 23
22 28
22 38
22 41
22 42
22 52
22 57
22 61
22 62
22 65
22 66
22 67
22 69
22 73
22 74
22 75
22 78
22 83
22 84
22 86
22 88
22 90
22 94
22 96
22 97
23 32
23 33
23 35
23 39
23 41
23 43
23 50
23 58
23 59
23 60
23 61
23 62
23 64
23 70
23 72
23 73
23 75
23 83
23 85
23 86
23 87
23 94
24 26
24 27
24 28
24 29
24 32
24 33
24 37
24 39
24 40
24 41
24 43
24 47
24 49
24 55
24 59
24 60
24 61
24 62
24 64
24 67
24 70
24 72
24 73
24 75
24 77
24 78
24 79
24 81
24 82
24 85
24 87
24 88
24 89
24 90
24 91
24 92
24 95
24 98
24 99
25 26
25 27
25 28
25 29
25 31
25 32
25 33
25 37
25 38
25 43
25 44
25 45
25 46
25 49
25 53
25 55
25 56
25 57
25 59
25 60
25 62
25 63
25 65
25 68
25 69
25 70
25 73
25 78
25 79
25 80
25 82
25 83
25 86
25 88
25 89
25 91
25 93
25 94
25 95
25 96
25 97
25 99
26 28
26 29
26 30
26 32
26 33
26 34
26 35
26 36
26 37
26 38
26 39
26 40
26 41
26 42
26 43
26 45
26 46
26 47
26 48
26 49
26 50
26 51
26 52
26 54
26 55
26 56
26 57
26 60
26 61
26 62
26 63
26 64
26 66
26 67
26 68
26 70
26 71
26 72
26 73
26 74
26 75
26 76
26 77
26 78
26 80
26 81
26 82
26 83
26 85
26 86
26 88
26 89
26 90
26 91
26 92
26 93
26 94
26 95
26 96
26 97
26 98
26 99
27 28
27 32
27 33
27 35
27 51
27 58
27 59
27 60
27 62
27 65
27 69
27 71
27 72
27 74
27 75
27 77
27 78
27 84
27 86
27 87
27 89
27 95
27 97
27 99
28 29
28 30
28 35
28 36
28 37
28 38
28 41
28 42
28 43
28 44
28 46
28 47
28 50
28 52
28 53
28 54
28 55
28 56
28 59
28 61
28 63
28 69
28 70
28 76
28 78
28 79
28 81
28 82
28 86
28 88
28 92
28 97
29 30
29 31
29 32
29 33
29 34
29 35
29 36
29 37
29 38
29 39
29 40
29 41
29 42
29 43
29 44
29 45
29 46
29 47
29 48
29 49
29 50
29 51
29 52
29 53
29 54
29 55
29 56
29 57
29 58
29 59
29 60
29 61
29 62
29 63
29 64
29 65
29 66
29 67
29 68
29 69
29 70
29 71
29 72
29 73
29 74
29 75
29 76
29 77
29 78
29 79
29 80
29 81
29 82
29 83
29 84
29 85
29 86
29 87
29 88
29 89
29 90
29 91
29 92
29 93
29 94
29 95
29 96
29 97
29 98
29 99
30 31
30 33
30 36
30 40
30 42
30 43
30 46
30 47
30 49
30 50
30 53
30 55
30 58
30 59
30 62
30 63
30 65
30 66
30 69
30 71
30 72
30 74
30 76
30 77
30 78
30 80
30 82
30 84
30 87
30 89
30 91
30 94
31 32
31 33
31 35
31 37
31 38
31 39
31 41
31 43
31 44
31 45
31 46
31 47
31 50
31 51
31 54
31 55
31 56
31 59
31 60
31 62
31 63
31 64
31 68
31 69
31 70
31 71
31 73
31 75
31 76
31 78
31 80
31 81
31 82
31 83
31 84
31 86
31 89
31 90
31 91
31 93
31 95
31 96
31 97
31 99
32 34
32 38
32 39
32 40
32 41
32 43
32 44
32 50
32 51
32 53
32 55
32 56
32 57
32 58
32 59
32 68
32 70
32 71
32 73
32 74
32 76
32 78
32 84
32 86
32 87
32 88
32 89
32 90
32 91
32 94
32 98
32 99
33 53
33 58
33 61
33 67
33 84
34 35
34 36
34 37
34 38
34 39
34 40
34 41
34 42
34 43
34 44
34 45
34 46
34 47
34 48
34 49
34 50
34 51
34 52
34 53
34 54
34 55
34 56
34 57
34 58
34 59
34 60
34 61
34 62
34 63
34 64
34 65
34 66
34 67
34 68
34 69
34 70
34 72
34 73
34 74
34 75
34 76
34 77
34 78
34 79
34 80
34 81
34 82
34 83
34 84
34 85
34 87
34 88
34 89
34 90
34 91
34 92
34 93
34 94
34 95
34 96
34 97
34 98
34 99
35 37
35 38
35 40
35 42
35 43
35 44
35 46
35 48
35 49
35 51
35 53
35 55
35 56
35 62
35 63
35 64
35 65
35 67
35 68
35 69
35 70
35 71
35 72
35 73
35 74
35 75
35 76
35 77
35 78
35 79
35 80
35 81
35 84
35 85
35 86
35 91
35 94
35 95
35 99
36 37
36 38
36 40
36 41
36 42
36 43
36 44
36 45
36 46
36 47
36 48
36 49
36 50
36 51
36 52
36 53
36 55
36 57
36 58
36 59
36 60
36 61
36 62
36 63
36 64
36 65
36 66
36 67
36 68
36 69
36 71
36 72
36 73
36 74
36 75
36 76
36 77
36 78
36 79
36 80
36 81
36 82
36 83
36 84
36 85
36 86
36 87
36 88
36 89
36 90
36 91
36 92
36 93
36 94
36 95
36 96
36 97
36 99
37 39
37 40
37 41
37 46
37 48
37 50
37 51
37 52
37 56
37 57
37 58
37 59
37 62
37 63
37 66
37 67
37 69
37 71
37 72
37 73
37 74
37 75
37 78
37 80
37 83
37 84
37 85
37 86
37 89
37 92
37 93
37 95
37 97
37 98
38 39
38 41
38 42
38 43
38 45
38 46
38 48
38 49
38 51
38 52
38 53
38 54
38 55
38 56
38 57
38 59
38 60
38 61
38 62
38 63
38 64
38 65
38 66
38 67
38 68
38 69
38 70
38 71
38 72
38 73
38 74
38 75
38 76
38 77
38 78
38 79
38 80
38 81
38 83
38 84
38 85
38 86
38 87
38 88
38 89
38 90
38 92
38 93
38 95
38 96
38 98
38 99
39 40
39 41
39 42
39 44
39 48
39 49
39 50
39 52
39 53
39 54
39 57
39 58
39 60
39 65
39 68
39 69
39 70
39 74
39 77
39 79
39 90
39 91
39 96
39 98
39 99
40 41
40 42
40 46
40 49
40 51
40 54
40 55
40 57
40 61
40 63
40 67
40 69
40 70
40 71
40 79
40 80
40 81
40 85
40 86
40 90
40 94
40 96
40 98
41 44
41 45
41 46
41 49
41 51
41 53
41 54
41 55
41 56
41 57
41 58
41 59
41 60
41 61
41 62
41 63
41 64
41 65
41 66
41 68
41 70
41 72
41 73
41 74
41 75
41 77
41 78
41 79
41 80
41 82
41 83
41 84
41 85
41 86
41 87
41 88
41 89
41 90
41 91
41 92
41 93
41 94
41 97
41 98
41 99
42 45
42 49
42 51
42 52
42 58
42 59
42 65
42 66
42 68
42 76
42 81
42 82
42 84
42 87
42 94
42 96
43 53
43 58
43 77
43 95
44 45
44 46
44 47
44 48
44 49
44 50
44 51
44 52
44 53
44 55
44 56
44 57
44 58
44 59
44 60
44 61
44 62
44 63
44 64
44 65
44 66
44 68
44 70
44 71
44 72
44 73
44 74
44 75
44 76
44 77
44 79
44 80
44 82
44 83
44 84
44 85
44 86
44 87
44 88
44 89
44 90
44 91
44 92
44 93
44 95
44 96
44 97
44 98
44 99
45 48
45 49
45 50
45 52
45 54
45 56
45 57
45 60
45 61
45 62
45 64
45 65
45 66
45 67
45 70
45 71
45 72
45 76
45 77
45 78
45 79
45 80
45 81
45 82
45 85
45 86
45 87
45 88
45 90
45 92
45 93
45 95
45 97
45 99
46 47
46 48
46 49
46 50
46 51
46 52
46 53
46 54
46 55
46 56
46 57
46 58
46 59
46 60
46 61
46 62
46 63
46 64
46 65
46 66
46 67
46 68
46 69
46 70
46 71
46 72
46 73
46 74
46 75
46 76
46 77
46 78
46 79
46 80
46 81
46 82
46 83
46 85
46 86
46 87
46 88
46 89
46 90
46 91
46 92
46 93
46 94
46 95
46 96
46 97
46 98
46 99
47 48
47 49
47 50
47 51
47 52
47 53
47 54
47 55
47 56
47 57
47 59
47 60
47 61
47 62
47 63
47 64
47 65
47 66
47 67
47 68
47 69
47 70
47 71
47 72
47 73
47 74
47 75
47 76
47 77
47 79
47 80
47 81
47 82
47 83
47 84
47 85
47 86
47 87
47 88
47 89
47 90
47 91
47 93
47 94
47 95
47 96
47 97
47 99
48 50
48 54
48 63
48 66
48 67
48 70
48 74
48 76
48 79
48 80
48 85
48 89
48 90
48 93
48 95
48 98
48 99
49 50
49 52
49 53
49 54
49 55
49 57
49 59
49 60
49 61
49 62
49 63
49 64
49 65
49 66
49 67
49 68
49 69
49 70
49 71
49 72
49 73
49 74
49 75
49 77
49 78
49 80
49 81
49 82
49 83
49 84
49 85
49 86
49 87
49 89
49 90
49 93
49 94
49 95
49 96
49 97
49 98
49 99
50 51
50 55
50 57
50 59
50 60
50 61
50 62
50 63
50 64
50 65
50 68
50 69
50 70
50 73
50 75
50 76
50 77
50 79
50 81
50 82
50 83
50 85
50 86
50 87
50 88
50 90
50 91
50 94
50 95
50 97
50 98
50 99
51 53
51 54
51 55
51 56
51 57
51 58
51 60
51 61
51 62
51 64
51 65
51 66
51 67
51 68
51 70
51 71
51 72
51 73
51 74
51 75
51 76
51 77
51 79
51 80
51 81
51 82
51 84
51 85
51 86
51 87
51 89
51 90
51 91
51 92
51 95
51 96
51 97
51 99
52 53
52 54
52 58
52 59
52 61
52 62
52 65
52 66
52 67
52 68
52 74
52 77
52 78
52 79
52 82
52 83
52 85
52 86
52 88
52 89
52 90
52 91
52 93
52 95
52 98
52 99
53 54
53 57
53 58
53 59
53 60
53 65
53 70
53 79
53 81
53 84
53 85
53 86
53 88
53 90
53 93
54 56
54 57
54 58
54 59
54 60
54 62
54 63
54 64
54 65
54 66
54 67
54 68
54 69
54 70
54 72
54 73
54 74
54 76
54 78
54 80
54 81
54 82
54 83
54 84
54 86
54 87
54 88
54 90
54 91
54 92
54 93
54 94
54 95
54 97
54 98
54 99
55 56
55 57
55 58
55 59
55 60
55 61
55 62
55 63
55 64
55 65
55 66
55 67
55 68
55 69
55 70
55 71
55 72
55 73
55 74
55 75
55 76
55 77
55 78
55 79
55 80
55 81
55 85
55 86
55 87
55 88
55 90
55 91
55 93
55 94
55 95
55 96
55 97
55 98
55 99
56 61
56 65
56 66
56 69
56 71
56 72
56 82
56 93
56 96
57 59
57 60
57 64
57 67
57 68
57 73
57 74
57 77
57 79
57 81
57 83
57 87
57 90
57 93
57 96
57 98
58 61
58 66
58 67
58 68
58 71
58 73
58 76
58 81
58 82
58 83
58 88
58 91
58 96
58 97
59 68
59 69
59 84
60 61
60 62
60 64
60 67
60 68
60 69
60 71
60 74
60 78
60 80
60 82
60 85
60 86
60 87
60 88
60 89
60 94
60 97
60 98
60 99
61 64
61 67
61 68
61 81
61 83
61 84
61 85
61 95
61 98
62 63
62 64
62 65
62 66
62 67
62 68
62 69
62 70
62 72
62 73
62 76
62 77
62 78
62 79
62 82
62 83
62 85
62 86
62 87
62 88
62 89
62 90
62 91
62 92
62 93
62 94
62 95
62 96
62 97
62 98
62 99
63 65
63 67
63 73
63 74
63 75
63 76
63 77
63 80
63 83
63 84
63 85
63 86
63 88
63 89
63 90
63 91
63 92
63 94
63 96
63 97
64 69
64 71
64 86
65 66
65 68
65 69
65 70
65 71
65 72
65 73
65 74
65 75
65 77
65 79
65 80
65 81
65 82
65 83
65 84
65 85
65 86
65 87
65 90
65 91
65 92
65 93
65 94
65 95
65 96
65 97
65 98
66 72
66 73
66 74
66 75
66 77
66 78
66 80
66 82
66 83
66 90
66 91
66 92
66 96
66 98
67 68
67 69
67 70
67 71
67 74
67 79
67 81
67 82
67 83
67 84
67 85
67 86
67 88
67 89
67 93
67 94
67 95
67 98
67 99
68 71
68 81
68 82
68 84
68 86
68 88
68 90
68 95
68 97
69 76
69 85
69 87
69 96
70 74
70 77
70 81
70 82
70 87
70 92
70 96
70 98
70 99
71 72
71 74
71 75
71 76
71 77
71 78
71 79
71 83
71 84
71 85
71 86
71 87
71 88
71 89
71 91
71 92
71 94
71 95
71 96
71 97
71 98
71 99
72 80
72 84
72 89
72 91
73 74
73 75
73 76
73 77
73 79
73 81
73 85
73 86
73 87
73 88
73 93
73 94
74 82
74 91
74 93
74 96
74 99
75 76
75 78
75 80
75 85
75 86
75 88
75 91
75 94
75 95
75 96
75 97
76 77
76 78
76 79
76 80
76 81
76 83
76 86
76 88
76 89
76 92
76 96
76 97
77 80
77 81
77 82
77 84
77 85
77 88
77 89
77 90
77 91
77 92
77 93
77 95
77 96
77 98
77 99
78 79
78 80
78 81
78 82
78 83
78 84
78 85
78 86
78 87
78 88
78 89
78 90
78 91
78 92
78 93
78 94
78 95
78 96
78 97
78 98
78 99
79 85
79 89
79 97
80 82
80 83
80 85
80 86
80 88
80 89
80 90
80 91
80 92
80 94
80 96
80 99
81 82
81 83
81 84
81 85
81 87
81 89
81 90
81 91
81 93
81 94
81 95
81 96
81 97
81 98
81 99
82 85
83 84
83 85
83 86
83 88
83 89
83 90
83 91
83 92
83 93
83 95
83 96
83 97
83 98
84 85
84 86
84 87
84 88
84 89
84 90
84 91
84 92
84 93
84 94
84 95
84 96
84 97
84 98
84 99
85 86
85 87
85 88
85 89
85 90
85 91
85 92
85 93
85 94
85 95
85 96
85 98
85 99
86 99
87 88
87 89
87 90
87 91
87 92
87 94
87 97
87 99
88 90
88 91
88 92
88 93
88 94
88 95
88 99
89 90
89 92
89 93
89 94
89 98
90 91
90 92
90 95
90 99
91 92
91 93
91 94
91 97
91 99
92 93
92 94
92 95
93 96
93 99
94 99
95 96
95 97
96 97
96 98
96 99
97 98
98 99
