0 59
0 69
0 99
1 9
1 15
1 20
1 26
1 27
1 35
1 36
1 39
1 44
1 45
1 56
1 58
1 61
1 67
1 72
1 73
1 75
1 89
1 94
2 3
2 4
2 5
2 6
2 7
2 8
2 9
2 10
2 11
2 12
2 13
2 14
2 15
2 16
2 17
2 18
2 19
2 21
2 22
2 23
2 24
2 25
2 26
2 27
2 28
2 29
2 30
2 31
2 32
2 33
2 34
2 35
2 36
2 38
2 39
2 40
2 41
2 42
2 43
2 44
2 45
2 48
2 50
2 51
2 52
2 53
2 55
2 56
2 57
2 58
2 59
2 60
2 61
2 63
2 64
2 65
2 67
2 69
2 73
2 75
2 76
2 77
2 78
2 79
2 80
2 81
2 82
2 83
2 84
2 85
2 86
2 87
2 89
2 90
2 91
2 92
2 97
2 98
2 99
3 4
3 6
3 7
3 8
3 9
3 10
3 12
3 13
3 15
3 17
3 18
3 19
3 20
3 21
3 22
3 24
3 27
3 28
3 30
3 32
3 34
3 35
3 37
3 38
3 39
3 40
3 41
3 42
3 43
3 46
3 48
3 49
3 50
3 53
3 54
3 57
3 59
3 61
3 62
3 63
3 64
3 66
3 67
3 68
3 69
3 70
3 71
3 72
3 76
3 77
3 78
3 79
3 80
3 84
3 88
3 90
3 92
3 93
3 94
3 97
4 5
4 10
4 12
4 14
4 15
4 16
4 18
4 19
4 24
4 27
4 28
4 30
4 31
4 33
4 34
4 35
4 39
4 40
4 41
4 43
4 44
4 45
4 46
4 50
4 51
4 52
4 53
4 54
4 55
4 57
4 60
4 62
4 63
4 65
4 67
4 69
4 70
4 72
4 73
4 74
4 75
4 76
4 77
4 79
4 81
4 84
4 85
4 86
4 87
4 88
4 89
4 90
4 91
4 93
4 96
4 97
4 99
5 6
5 20
5 31
5 32
5 40
5 52
5 58
5 62
5 72
5 79
5 84
5 90
5 91
5 95
5 96
6 7
6 8
6 9
6 10
6 11
6 12
6 13
6 14
6 15
6 16
6 17
6 19
6 20
6 21
6 23
6 24
6 25
6 26
6 27
6 28
6 30
6 34
6 35
6 37
6 38
6 41
6 42
6 43
6 45
6 46
6 47
6 48
6 50
6 51
6 52
6 53
6 55
6 57
6 59
6 60
6 61
6 62
6 63
6 64
6 65
6 66
6 68
6 71
6 73
6 74
6 75
6 76
6 77
6 78
6 79
6 80
6 81
6 83
6 84
6 85
6 87
6 89
6 90
6 92
6 94
6 95
6 96
6 97
6 99
7 8
7 9
7 10
7 11
7 12
7 13
7 14
7 15
7 16
7 17
7 18
7 19
7 20
7 22
7 23
7 24
7 25
7 26
7 27
7 28
7 29
7 31
7 32
7 33
7 34
7 35
7 36
7 37
7 38
7 39
7 41
7 42
7 43
7 44
7 45
7 46
7 48
7 49
7 51
7 52
7 53
7 54
7 55
7 56
7 57
7 58
7 59
7 60
7 61
7 64
7 65
7 66
7 67
7 68
7 69
7 70
7 71
7 72
7 73
7 74
7 75
7 78
7 79
7 80
7 82
7 83
7 84
7 87
7 88
7 89
7 90
7 91
7 92
7 94
7 96
7 97
7 98
7 99
8 9
8 10
8 11
8 12
8 13
8 14
8 15
8 16
8 19
8 20
8 22
8 23
8 24
8 25
8 26
8 27
8 31
8 34
8 35
8 36
8 37
8 38
8 40
8 41
8 42
8 45
8 46
8 47
8 48
8 49
8 50
8 51
8 52
8 53
8 54
8 55
8 56
8 57
8 58
8 59
8 60
8 62
8 63
8 65
8 66
8 67
8 69
8 71
8 72
8 75
8 76
8 77
8 78
8 80
8 82
8 83
8 86
8 88
8 90
8 92
8 93
8 94
8 95
8 96
9 10
9 13
9 15
9 16
9 17
9 18
9 19
9 22
9 23
9 24
9 26
9 28
9 30
9 31
9 32
9 34
9 35
9 37
9 38
9 39
9 41
9 42
9 43
9 44
9 45
9 48
9 51
9 52
9 53
9 55
9 57
9 58
9 60
9 62
9 63
9 64
9 65
9 66
9 67
9 69
9 70
9 71
9 73
9 76
9 77
9 78
9 79
9 80
9 83
9 84
9 86
9 88
9 90
9 91
9 92
9 93
9 96
9 98
10 14
10 16
10 23
10 25
10 31
10 32
10 33
10 34
10 35
10 49
10 64
10 67
10 72
10 75
10 77
10 87
11 12
11 21
11 27
11 29
11 36
11 43
11 56
11 60
11 72
11 84
11 88
11 92
11 93
11 97
12 13
12 14
12 16
12 19
12 20
12 21
12 22
12 23
12 24
12 25
12 27
12 28
12 29
12 30
12 31
12 32
12 33
12 35
12 36
12 37
12 38
12 39
12 41
12 42
12 44
12 45
12 46
12 47
12 48
12 49
12 50
12 51
12 53
12 54
12 55
12 56
12 57
12 58
12 59
12 61
12 62
12 63
12 64
12 66
12 67
12 68
12 69
12 70
12 71
12 72
12 74
12 75
12 76
12 77
12 79
12 80
12 82
12 83
12 85
12 86
12 87
12 88
12 89
12 92
12 93
12 94
12 96
12 98
12 99
13 14
13 15
13 16
13 17
13 18
13 19
13 21
13 22
13 23
13 24
13 25
13 26
13 27
13 28
13 29
13 30
13 31
13 32
13 33
13 34
13 35
13 36
13 37
13 38
13 39
13 40
13 41
13 42
13 43
13 44
13 45
13 46
13 47
13 48
13 49
13 50
13 51
13 52
13 53
13 54
13 55
13 56
13 57
13 58
13 59
13 60
13 61
13 62
13 63
13 64
13 65
13 66
13 67
13 68
13 69
13 70
13 71
13 73
13 74
13 75
13 76
13 77
13 78
13 79
13 80
13 81
13 82
13 83
13 84
13 85
13 86
13 88
13 90
13 91
13 92
13 93
13 94
13 95
13 96
13 97
13 98
13 99
14 15
14 20
14 22
14 23
14 24
14 26
14 27
14 28
14 35
14 41
14 42
14 43
14 47
14 48
14 50
14 51
14 54
14 55
14 58
14 60
14 61
14 63
14 65
14 66
14 67
14 70
14 72
14 74
14 78
14 81
14 88
14 90
14 95
14 98
15 16
15 17
15 18
15 19
15 20
15 21
15 23
15 24
15 25
15 26
15 27
15 28
15 29
15 30
15 31
15 32
15 33
15 34
15 35
15 36
15 37
15 38
15 39
15 40
15 41
15 42
15 43
15 44
15 45
15 46
15 47
15 48
15 49
15 50
15 51
15 52
15 53
15 54
15 55
15 56
15 57
15 58
15 59
15 60
15 61
15 62
15 63
15 64
15 65
15 66
15 67
15 68
15 69
15 70
15 71
15 72
15 73
15 74
15 75
15 76
15 77
15 78
15 79
15 80
15 81
15 82
15 83
15 84
15 85
15 86
15 87
15 88
15 89
15 90
15 91
15 92
15 93
15 94
15 95
15 96
15 97
15 98
15 99
16 18
16 20
16 25
16 26
16 27
16 29
16 30
16 31
16 32
16 34
16 38
16 42
16 44
16 45
16 46
16 47
16 49
16 50
16 51
16 53
16 55
16 56
16 57
16 58
16 59
16 60
16 61
16 62
16 66
16 67
16 68
16 69
16 71
16 73
16 74
16 76
16 79
16 80
16 84
16 86
16 87
16 88
16 95
16 96
16 98
16 99
17 18
17 19
17 22
17 23
17 32
17 34
17 36
17 40
17 43
17 44
17 49
17 59
17 60
17 62
17 64
17 65
17 71
17 73
17 75
17 79
17 81
17 86
17 92
17 95
17 97
18 19
18 20
18 21
18 22
18 24
18 26
18 29
18 34
18 37
18 38
18 39
18 42
18 43
18 44
18 49
18 51
18 55
18 57
18 58
18 60
18 61
18 63
18 64
18 69
18 70
18 71
18 72
18 74
18 75
18 76
18 77
18 78
18 79
18 82
18 83
18 84
18 85
18 87
18 90
18 92
18 93
18 94
18 99
19 20
19 21
19 23
19 25
19 28
19 29
19 30
19 31
19 32
19 33
19 35
19 37
19 38
19 39
19 41
19 42
19 44
19 45
19 48
19 49
19 50
19 51
19 54
19 55
19 56
19 58
19 59
19 60
19 61
19 62
19 63
19 64
19 65
19 67
19 68
19 69
19 70
19 71
19 73
19 76
19 78
19 81
19 82
19 83
19 85
19 91
19 92
19 94
19 96
19 99
20 21
20 22
20 23
20 26
20 27
20 28
20 29
20 30
20 31
20 33
20 34
20 35
20 36
20 37
20 38
20 39
20 40
20 41
20 42
20 43
20 44
20 46
20 47
20 50
20 51
20 53
20 54
20 55
20 56
20 58
20 60
20 61
20 62
20 63
20 64
20 67
20 69
20 71
20 72
20 73
20 74
20 75
20 77
20 78
20 81
20 83
20 84
20 85
20 89
20 92
20 93
20 95
20 97
20 99
21 22
21 23
21 24
21 25
21 26
21 27
21 29
21 30
21 31
21 35
21 36
21 37
21 38
21 39
21 41
21 42
21 43
21 44
21 45
21 46
21 47
21 50
21 52
21 53
21 54
21 55
21 57
21 59
21 60
21 61
21 66
21 68
21 70
21 71
21 72
21 73
21 74
21 78
21 79
21 80
21 82
21 83
21 84
21 85
21 86
21 87
21 88
21 89
21 90
21 97
22 24
22 29
22 31
22 32
22 36
22 40
22 41
22 42
22 46
22 53
22 56
22 61
22 69
22 72
22 81
22 92
22 94
23 26
23 33
23 53
23 55
23 69
24 28
24 29
24 39
24 40
24 44
24 55
24 56
24 64
24 68
24 72
24 83
25 26
25 28
25 29
25 30
25 31
25 32
25 34
25 35
25 36
25 37
25 38
25 39
25 42
25 43
25 46
25 47
25 48
25 50
25 52
25 55
25 56
25 57
25 58
25 59
25 60
25 61
25 62
25 63
25 64
25 65
25 66
25 67
25 68
25 69
25 70
25 71
25 73
25 74
25 75
25 76
25 77
25 78
25 80
25 81
25 82
25 84
25 85
25 86
25 88
25 89
25 90
25 92
25 93
25 94
25 95
25 96
25 97
25 98
25 99
26 27
26 31
26 32
26 33
26 34
26 35
26 36
26 37
26 40
26 41
26 42
26 43
26 44
26 45
26 46
26 48
26 49
26 51
26 52
26 53
26 54
26 55
26 57
26 58
26 59
26 61
26 62
26 63
26 64
26 65
26 66
26 67
26 68
26 70
26 71
26 72
26 74
26 75
26 77
26 78
26 79
26 83
26 86
26 87
26 88
26 90
26 92
26 93
26 94
26 96
26 97
26 98
26 99
27 30
27 31
27 33
27 35
27 36
27 37
27 38
27 41
27 43
27 44
27 45
27 46
27 48
27 49
27 52
27 54
27 55
27 57
27 58
27 60
27 61
27 63
27 65
27 66
27 67
27 73
27 74
27 75
27 76
27 78
27 81
27 82
27 84
27 85
27 86
27 90
27 91
27 92
27 93
27 95
27 96
27 98
27 99
28 35
28 39
28 43
28 57
28 63
28 73
28 76
28 77
28 78
28 80
28 94
29 32
29 33
29 41
29 43
29 44
29 46
29 47
29 49
29 52
29 54
29 55
29 56
29 59
29 60
29 63
29 64
29 65
29 66
29 67
29 68
29 70
29 72
29 74
29 75
29 77
29 79
29 81
29 82
29 84
29 85
29 86
29 90
29 91
29 92
29 96
29 97
29 99
30 33
30 42
30 56
30 57
30 61
30 64
30 66
30 75
30 82
30 85
30 98
31 33
31 35
31 40
31 42
31 47
31 48
31 50
31 52
31 54
31 58
31 65
31 69
31 72
31 80
31 83
31 85
31 86
31 87
31 97
32 33
32 34
32 38
32 39
32 42
32 44
32 45
32 47
32 49
32 50
32 53
32 54
32 60
32 62
32 64
32 66
32 71
32 72
32 73
32 74
32 76
32 77
32 78
32 81
32 82
32 83
32 85
32 88
32 89
32 90
32 95
32 97
32 98
33 41
33 52
33 56
33 67
33 69
33 80
33 89
34 35
34 37
34 38
34 40
34 41
34 42
34 43
34 44
34 45
34 46
34 48
34 51
34 53
34 54
34 58
34 60
34 61
34 62
34 63
34 64
34 65
34 66
34 67
34 69
34 70
34 71
34 72
34 73
34 76
34 77
34 78
34 86
34 88
34 91
34 92
34 93
34 98
34 99
35 38
35 39
35 41
35 46
35 48
35 49
35 56
35 60
35 62
35 63
35 64
35 65
35 66
35 69
35 70
35 73
35 79
35 80
35 81
35 85
35 86
35 90
35 95
35 96
36 47
37 38
37 39
37 40
37 41
37 42
37 43
37 46
37 47
37 48
37 49
37 50
37 51
37 52
37 53
37 54
37 55
37 56
37 57
37 59
37 60
37 62
37 63
37 64
37 65
37 66
37 67
37 68
37 69
37 70
37 71
37 72
37 74
37 75
37 76
37 77
37 78
37 79
37 80
37 82
37 83
37 84
37 85
37 86
37 87
37 88
37 90
37 91
37 92
37 93
37 96
37 97
37 98
38 39
38 40
38 41
38 42
38 43
38 45
38 46
38 47
38 49
38 50
38 53
38 55
38 56
38 58
38 60
38 62
38 64
38 66
38 67
38 68
38 69
38 70
38 72
38 73
38 76
38 77
38 79
38 80
38 81
38 83
38 84
38 88
38 90
38 91
38 93
38 94
38 95
38 97
39 40
39 44
39 50
39 56
39 57
39 63
39 64
39 65
39 66
39 67
39 72
39 84
39 93
39 95
39 98
40 41
40 42
40 43
40 46
40 47
40 48
40 51
40 52
40 54
40 55
40 56
40 57
40 58
40 60
40 61
40 63
40 64
40 65
40 66
40 67
40 68
40 69
40 70
40 71
40 72
40 73
40 74
40 75
40 76
40 77
40 78
40 81
40 82
40 83
40 84
40 86
40 88
40 89
40 90
40 91
40 92
40 93
40 94
40 96
40 97
40 98
41 63
41 79
42 44
42 45
42 49
42 50
42 52
42 53
42 54
42 57
42 59
42 60
42 61
42 62
42 64
42 65
42 68
42 69
42 70
42 71
42 72
42 74
42 75
42 76
42 77
42 78
42 79
42 80
42 81
42 82
42 84
42 85
42 86
42 89
42 90
42 91
42 93
42 94
42 95
42 96
42 98
42 99
43 44
43 46
43 48
43 49
43 50
43 51
43 53
43 54
43 56
43 61
43 66
43 69
43 70
43 73
43 75
43 79
43 82
43 89
43 92
43 93
43 94
43 97
43 98
43 99
44 45
44 50
44 51
44 57
44 58
44 69
44 72
44 82
45 46
45 47
45 51
45 52
45 53
45 54
45 55
45 56
45 57
45 60
45 61
45 62
45 63
45 64
45 65
45 66
45 67
45 68
45 69
45 71
45 72
45 73
45 74
45 75
45 77
45 78
45 79
45 81
45 82
45 84
45 85
45 87
45 88
45 89
45 90
45 91
45 92
45 94
45 95
45 96
45 98
46 47
46 48
46 50
46 51
46 53
46 55
46 57
46 58
46 59
46 60
46 61
46 63
46 64
46 65
46 66
46 67
46 68
46 69
46 70
46 71
46 72
46 74
46 75
46 76
46 77
46 79
46 81
46 82
46 83
46 84
46 85
46 86
46 87
46 88
46 89
46 92
46 94
46 95
46 97
46 99
47 49
47 50
47 51
47 52
47 54
47 56
47 57
47 58
47 59
47 60
47 61
47 62
47 63
47 65
47 66
47 67
47 69
47 70
47 71
47 72
47 73
47 74
47 75
47 76
47 77
47 78
47 80
47 81
47 83
47 84
47 85
47 86
47 88
47 89
47 90
47 91
47 92
47 93
47 94
47 96
47 98
47 99
48 52
48 55
48 57
48 58
48 60
48 63
48 64
48 65
48 66
48 73
48 74
48 77
48 78
48 81
48 84
48 94
48 95
48 99
49 67
49 75
49 76
50 51
50 52
50 53
50 55
50 56
50 57
50 59
50 60
50 61
50 63
50 64
50 65
50 66
50 68
50 69
50 70
50 71
50 72
50 73
50 75
50 76
50 79
50 80
50 81
50 83
50 85
50 86
50 87
50 89
50 90
50 91
50 93
50 94
50 95
50 96
50 97
50 98
50 99
51 68
51 83
52 56
52 57
52 58
52 59
52 61
52 63
52 69
52 73
52 76
52 78
52 79
52 84
52 86
52 87
52 93
52 94
52 97
53 65
53 66
53 67
53 68
53 71
53 76
53 87
53 89
54 68
54 99
55 56
55 57
55 58
55 59
55 60
55 61
55 62
55 63
55 64
55 65
55 66
55 67
55 68
55 69
55 70
55 71
55 72
55 73
55 74
55 75
55 76
55 77
55 78
55 79
55 80
55 81
55 82
55 83
55 84
55 85
55 86
55 87
55 88
55 89
55 90
55 91
55 92
55 93
55 94
55 95
55 96
55 97
55 98
55 99
56 58
56 62
56 66
56 67
56 70
56 78
56 80
56 81
56 83
56 85
56 86
56 87
56 88
56 89
56 90
56 94
56 95
56 96
56 99
57 60
57 66
57 67
57 75
57 83
57 92
58 61
58 62
58 63
58 64
58 65
58 66
58 67
58 68
58 70
58 71
58 72
58 73
58 74
58 76
58 77
58 79
58 82
58 83
58 84
58 85
58 86
58 87
58 89
58 90
58 91
58 92
58 93
58 94
58 96
58 97
58 99
59 61
59 66
59 67
59 68
59 70
59 72
59 73
59 74
59 75
59 76
59 77
59 78
59 79
59 80
59 81
59 83
59 86
59 88
59 89
59 92
59 93
59 96
60 61
60 63
60 64
60 66
60 70
60 73
60 74
60 78
60 79
60 80
60 82
60 84
60 85
60 87
60 90
60 92
60 93
60 96
60 97
61 65
61 66
61 67
61 68
61 69
61 71
61 73
61 74
61 75
61 76
61 78
61 79
61 82
61 85
61 87
61 88
61 89
61 90
61 91
61 92
61 93
61 94
61 95
61 96
61 98
61 99
62 63
62 64
62 65
62 66
62 68
62 69
62 70
62 71
62 72
62 73
62 74
62 76
62 79
62 80
62 81
62 82
62 83
62 84
62 85
62 86
62 87
62 89
62 90
62 92
62 93
62 95
62 96
62 97
62 98
63 68
63 69
63 72
63 73
63 75
63 76
63 77
63 78
63 80
63 81
63 82
63 85
63 86
63 87
63 88
63 90
63 91
63 95
63 97
63 98
64 66
64 67
64 68
64 69
64 70
64 71
64 72
64 73
64 74
64 75
64 76
64 77
64 78
64 79
64 80
64 81
64 82
64 83
64 84
64 85
64 86
64 87
64 88
64 89
64 90
64 91
64 92
64 93
64 94
64 96
64 97
64 98
64 99
65 68
65 73
65 74
65 78
65 80
65 81
65 83
65 84
65 93
65 96
65 98
65 99
66 69
66 70
66 72
66 75
66 76
66 77
66 78
66 80
66 82
66 83
66 86
66 89
66 92
66 94
66 95
66 96
66 97
66 99
67 69
67 72
67 73
67 78
67 83
67 84
67 85
67 86
67 87
67 88
67 89
67 91
67 95
67 99
68 80
68 83
68 84
69 71
69 72
69 77
69 79
69 81
69 85
69 86
69 87
69 93
69 94
69 95
69 96
70 71
70 72
70 74
70 75
70 76
70 77
70 78
70 79
70 80
70 81
70 82
70 84
70 86
70 87
70 88
70 89
70 90
70 92
70 93
70 94
70 95
70 96
70 97
70 99
71 72
71 75
71 77
71 78
71 80
71 82
71 83
71 84
71 85
71 86
71 89
71 90
71 91
71 93
71 94
71 96
71 97
71 99
72 76
72 77
72 80
72 84
72 85
72 87
72 88
72 93
72 97
72 98
72 99
73 74
73 75
73 77
73 79
73 80
73 83
73 86
73 87
73 88
73 93
73 94
73 95
73 96
73 98
73 99
74 75
74 78
74 80
74 81
74 82
74 84
74 86
74 88
74 90
74 91
74 92
74 93
74 94
74 98
74 99
75 76
75 77
75 78
75 85
75 87
75 88
75 90
75 91
75 92
75 93
75 94
75 96
75 99
76 77
76 80
76 82
76 84
76 86
76 87
76 88
76 93
76 97
77 79
77 80
77 81
77 82
77 84
77 86
77 87
77 88
77 89
77 90
77 92
77 94
77 95
77 96
77 99
78 79
78 80
78 81
78 82
78 85
78 86
78 88
78 89
78 91
78 92
78 98
78 99
79 84
79 93
80 83
80 85
80 86
80 90
80 91
80 92
80 94
80 96
80 97
80 99
81 97
81 98
82 84
82 85
82 87
82 90
82 91
82 92
82 94
82 95
82 96
82 97
82 98
82 99
83 88
83 94
83 95
83 97
83 98
84 85
84 86
84 87
84 90
84 91
84 92
84 93
84 95
84 97
84 98
85 86
85 88
85 89
85 90
85 91
85 92
85 93
85 94
85 95
85 96
85 97
85 98
85 99
86 88
86 93
86 95
86 96
86 97
86 99
87 88
87 89
87 90
87 91
87 92
87 93
87 95
87 96
87 97
87 99
88 92
88 93
88 96
88 97
89 94
89 95
89 96
89 98
90 91
90 92
90 95
90 96
90 97
90 98
90 99
91 93
91 94
91 97
91 98
92 93
92 94
92 95
92 96
92 97
92 98
92 99
93 94
93 95
93 97
94 95
94 96
94 97
94 98
94 99
95 96
95 97
95 98
95 99
96 97
96 98
97 98
97 99
98 99
