0 1
0 2
0 3
0 4
0 6
0 7
0 8
0 9
0 10
0 12
0 13
0 14
0 15
0 16
0 18
0 20
0 21
0 23
0 24
0 26
0 27
0 28
0 29
0 30
0 31
0 32
0 33
0 34
0 36
0 37
0 38
0 39
0 40
0 41
0 42
0 44
0 45
0 47
0 48
0 49
0 50
0 51
0 53
0 54
0 56
0 57
0 61
0 62
0 64
0 65
0 68
0 69
0 70
0 72
0 74
0 76
0 77
0 78
0 79
0 80
0 81
0 82
0 83
0 84
0 85
0 87
0 88
0 89
0 90
0 91
0 92
0 93
0 94
0 96
0 97
0 98
0 99
1 2
1 7
1 9
1 11
1 14
1 15
1 17
1 18
1 19
1 20
1 23
1 25
1 27
1 29
1 30
1 31
1 35
1 37
1 39
1 41
1 43
1 45
1 46
1 47
1 48
1 49
1 52
1 53
1 56
1 57
1 58
1 59
1 60
1 61
1 62
1 66
1 68
1 69
1 70
1 71
1 79
1 81
1 85
1 87
1 89
1 92
1 95
1 96
1 97
1 99
2 3
2 4
2 5
2 6
2 7
2 9
2 10
2 11
2 12
2 14
2 15
2 17
2 18
2 19
2 20
2 21
2 22
2 23
2 25
2 27
2 28
2 29
2 30
2 31
2 33
2 34
2 36
2 37
2 38
2 39
2 40
2 41
2 42
2 43
2 44
2 46
2 47
2 48
2 49
2 50
2 51
2 52
2 53
2 54
2 55
2 56
2 58
2 59
2 60
2 61
2 62
2 63
2 64
2 65
2 66
2 67
2 68
2 69
2 70
2 71
2 72
2 73
2 74
2 76
2 77
2 78
2 79
2 81
2 82
2 83
2 84
2 85
2 87
2 88
2 89
2 90
2 91
2 92
2 93
2 94
2 96
2 97
2 98
2 99
3 16
3 20
3 32
3 34
3 39
3 40
3 47
3 56
3 65
3 80
3 84
3 93
4 5
4 7
4 10
4 11
4 12
4 13
4 14
4 15
4 16
4 17
4 18
4 19
4 22
4 24
4 25
4 27
4 28
4 30
4 32
4 33
4 35
4 36
4 37
4 38
4 39
4 40
4 41
4 42
4 43
4 44
4 45
4 46
4 48
4 49
4 50
4 53
4 54
4 57
4 59
4 60
4 63
4 64
4 65
4 66
4 67
4 69
4 74
4 76
4 79
4 80
4 81
4 84
4 85
4 86
4 87
4 88
4 89
4 90
4 91
4 92
4 94
4 96
4 98
4 99
5 78
5 93
6 7
6 8
6 9
6 10
6 12
6 14
6 15
6 17
6 18
6 19
6 21
6 23
6 24
6 25
6 26
6 32
6 33
6 34
6 35
6 38
6 40
6 41
6 43
6 46
6 51
6 53
6 54
6 56
6 59
6 60
6 61
6 62
6 63
6 64
6 65
6 66
6 67
6 70
6 72
6 73
6 76
6 78
6 79
6 80
6 81
6 83
6 84
6 85
6 87
6 88
6 89
6 90
6 91
6 93
6 94
6 95
6 96
6 97
6 98
6 99
7 9
7 11
7 15
7 16
7 18
7 22
7 24
7 25
7 34
7 38
7 39
7 46
7 48
7 60
7 62
7 63
7 66
7 68
7 70
7 75
7 78
7 80
7 86
7 91
7 92
7 97
8 9
8 11
8 12
8 15
8 16
8 18
8 19
8 22
8 23
8 24
8 25
8 26
8 27
8 28
8 29
8 31
8 32
8 34
8 35
8 38
8 39
8 40
8 41
8 44
8 45
8 46
8 47
8 48
8 50
8 51
8 52
8 54
8 55
8 56
8 57
8 58
8 59
8 60
8 62
8 63
8 64
8 65
8 66
8 67
8 68
8 73
8 76
8 78
8 79
8 80
8 81
8 82
8 83
8 84
8 85
8 86
8 87
8 88
8 89
8 91
8 92
8 93
8 95
8 96
9 10
9 12
9 13
9 16
9 17
9 20
9 27
9 28
9 29
9 39
9 42
9 44
9 52
9 56
9 57
9 58
9 65
9 66
9 69
9 71
9 74
9 75
9 76
9 82
9 83
9 86
9 87
9 88
9 90
9 92
9 99
10 11
10 12
10 14
10 16
10 18
10 21
10 23
10 25
10 27
10 29
10 30
10 34
10 35
10 41
10 42
10 43
10 50
10 52
10 57
10 58
10 59
10 62
10 65
10 68
10 71
10 72
10 73
10 74
10 75
10 79
10 81
10 84
10 88
10 89
10 90
10 93
10 95
10 96
10 99
11 21
11 25
11 38
11 41
11 58
11 61
11 65
11 71
11 79
11 91
11 94
11 98
12 15
12 18
12 22
12 23
12 26
12 27
12 29
12 30
12 31
12 36
12 42
12 45
12 46
12 47
12 52
12 53
12 59
12 61
12 64
12 66
12 74
12 79
12 80
12 84
12 87
12 88
12 89
12 91
12 92
13 14
13 15
13 17
13 21
13 23
13 24
13 28
13 30
13 34
13 39
13 41
13 42
13 44
13 45
13 46
13 49
13 51
13 52
13 54
13 55
13 56
13 57
13 59
13 65
13 69
13 72
13 76
13 77
13 78
13 81
13 82
13 84
13 85
13 92
13 93
13 96
14 15
14 16
14 17
14 18
14 19
14 20
14 21
14 22
14 23
14 24
14 25
14 26
14 27
14 28
14 29
14 30
14 31
14 33
14 34
14 35
14 36
14 37
14 38
14 39
14 40
14 41
14 42
14 43
14 44
14 45
14 46
14 47
14 48
14 49
14 50
14 51
14 52
14 53
14 54
14 55
14 56
14 57
14 58
14 59
14 60
14 61
14 62
14 63
14 64
14 65
14 66
14 67
14 68
14 69
14 70
14 71
14 72
14 73
14 74
14 75
14 76
14 77
14 78
14 79
14 80
14 81
14 82
14 83
14 84
14 85
14 86
14 87
14 88
14 89
14 90
14 91
14 92
14 93
14 94
14 95
14 96
14 97
14 98
14 99
15 23
15 26
15 28
15 39
15 45
15 52
15 58
15 69
15 73
15 79
16 18
16 21
16 22
16 23
16 24
16 25
16 26
16 27
16 28
16 29
16 30
16 31
16 32
16 33
16 34
16 36
16 39
16 40
16 42
16 43
16 44
16 45
16 46
16 47
16 48
16 50
16 51
16 52
16 53
16 54
16 55
16 57
16 58
16 59
16 60
16 61
16 62
16 64
16 65
16 66
16 67
16 68
16 69
16 70
16 71
16 72
16 73
16 74
16 75
16 76
16 79
16 80
16 81
16 82
16 83
16 84
16 85
16 86
16 87
16 88
16 89
16 90
16 92
16 93
16 94
16 95
16 96
16 97
16 98
16 99
17 22
17 26
17 27
17 28
17 31
17 32
17 33
17 37
17 41
17 43
17 46
17 47
17 48
17 50
17 51
17 53
17 55
17 58
17 59
17 60
17 62
17 75
17 77
17 78
17 84
17 87
17 88
17 89
17 91
17 92
17 93
17 94
18 19
18 20
18 21
18 22
18 23
18 24
18 25
18 26
18 27
18 28
18 29
18 30
18 32
18 33
18 34
18 35
18 36
18 37
18 38
18 39
18 40
18 41
18 42
18 43
18 44
18 46
18 47
18 48
18 49
18 50
18 51
18 52
18 53
18 55
18 56
18 57
18 58
18 59
18 60
18 61
18 62
18 63
18 64
18 65
18 66
18 67
18 68
18 69
18 70
18 71
18 72
18 73
18 74
18 75
18 76
18 77
18 79
18 80
18 82
18 83
18 84
18 85
18 87
18 88
18 89
18 91
18 92
18 93
18 94
18 95
18 96
18 97
18 98
18 99
19 20
19 22
19 23
19 24
19 25
19 26
19 27
19 28
19 29
19 30
19 31
19 32
19 33
19 34
19 35
19 36
19 37
19 38
19 39
19 40
19 41
19 42
19 43
19 44
19 45
19 46
19 47
19 48
19 49
19 50
19 51
19 52
19 53
19 54
19 55
19 56
19 57
19 58
19 59
19 60
19 61
19 62
19 63
19 64
19 65
19 66
19 67
19 68
19 69
19 70
19 71
19 72
19 73
19 74
19 75
19 76
19 77
19 78
19 79
19 80
19 81
19 82
19 83
19 84
19 85
19 87
19 88
19 89
19 90
19 91
19 92
19 94
19 95
19 96
19 97
19 98
19 99
20 22
20 23
20 24
20 26
20 28
20 29
20 30
20 32
20 33
20 34
20 35
20 36
20 37
20 38
20 40
20 42
20 43
20 44
20 46
20 47
20 48
20 50
20 52
20 53
20 54
20 55
20 56
20 57
20 58
20 61
20 62
20 63
20 69
20 70
20 71
20 72
20 73
20 75
20 77
20 79
20 80
20 81
20 83
20 84
20 85
20 88
20 89
20 91
20 93
20 94
20 95
20 96
20 98
20 99
21 22
21 23
21 24
21 25
21 32
21 33
21 34
21 35
21 36
21 37
21 39
21 40
21 41
21 42
21 45
21 47
21 48
21 50
21 53
21 54
21 55
21 58
21 59
21 60
21 61
21 65
21 66
21 67
21 68
21 70
21 72
21 73
21 74
21 77
21 79
21 80
21 81
21 82
21 83
21 85
21 90
21 94
21 95
21 96
21 98
21 99
22 27
22 31
22 33
22 37
22 42
22 44
22 54
22 58
22 64
22 70
22 74
22 77
22 89
22 99
23 24
23 28
23 33
23 35
23 37
23 38
23 40
23 41
23 42
23 43
23 47
23 49
23 50
23 56
23 60
23 70
23 79
23 87
23 89
23 91
23 93
23 94
23 97
24 26
24 27
24 28
24 29
24 31
24 32
24 33
24 34
24 35
24 37
24 38
24 39
24 40
24 41
24 43
24 44
24 45
24 46
24 47
24 48
24 49
24 50
24 51
24 52
24 53
24 54
24 55
24 57
24 58
24 59
24 61
24 62
24 63
24 64
24 65
24 66
24 67
24 68
24 70
24 71
24 72
24 74
24 75
24 76
24 77
24 78
24 79
24 80
24 81
24 82
24 83
24 84
24 85
24 86
24 87
24 88
24 89
24 90
24 91
24 92
24 93
24 94
24 95
24 96
24 97
24 98
24 99
25 26
25 27
25 28
25 29
25 30
25 31
25 32
25 33
25 34
25 35
25 36
25 37
25 38
25 39
25 40
25 41
25 42
25 43
25 44
25 45
25 46
25 47
25 48
25 49
25 50
25 51
25 52
25 53
25 54
25 55
25 56
25 57
25 58
25 59
25 60
25 61
25 62
25 63
25 64
25 65
25 66
25 67
25 68
25 69
25 70
25 71
25 72
25 73
25 74
25 75
25 76
25 77
25 78
25 79
25 80
25 81
25 82
25 83
25 84
25 86
25 87
25 88
25 89
25 90
25 91
25 92
25 93
25 94
25 95
25 96
25 98
25 99
26 30
26 62
26 65
26 80
26 88
26 97
27 28
27 30
27 32
27 33
27 34
27 36
27 37
27 38
27 41
27 43
27 44
27 46
27 49
27 50
27 54
27 56
27 59
27 60
27 64
27 65
27 66
27 67
27 69
27 72
27 73
27 75
27 76
27 82
27 83
27 84
27 86
27 87
27 88
27 90
27 91
27 93
27 96
27 97
27 99
28 29
28 32
28 33
28 35
28 38
28 39
28 40
28 42
28 43
28 44
28 45
28 46
28 47
28 51
28 52
28 53
28 54
28 55
28 59
28 60
28 61
28 64
28 65
28 66
28 67
28 69
28 70
28 71
28 74
28 75
28 76
28 79
28 82
28 84
28 85
28 86
28 87
28 90
28 91
28 93
28 94
28 96
28 97
29 31
29 32
29 35
29 37
29 38
29 41
29 42
29 43
29 46
29 50
29 51
29 52
29 54
29 56
29 59
29 61
29 66
29 68
29 69
29 70
29 78
29 80
29 82
29 88
29 89
29 90
29 97
29 98
30 31
30 33
30 34
30 35
30 36
30 38
30 39
30 40
30 41
30 42
30 43
30 45
30 46
30 47
30 48
30 49
30 50
30 51
30 52
30 53
30 54
30 55
30 56
30 58
30 59
30 60
30 63
30 64
30 65
30 66
30 68
30 69
30 73
30 74
30 75
30 76
30 77
30 79
30 80
30 81
30 82
30 83
30 86
30 87
30 88
30 89
30 90
30 91
30 92
30 93
30 94
30 95
30 96
30 97
30 99
31 32
31 33
31 34
31 36
31 38
31 40
31 41
31 42
31 43
31 44
31 46
31 48
31 49
31 50
31 51
31 52
31 54
31 57
31 60
31 61
31 62
31 63
31 65
31 66
31 67
31 68
31 69
31 70
31 72
31 74
31 75
31 78
31 81
31 84
31 85
31 86
31 87
31 88
31 90
31 92
31 93
31 96
31 98
31 99
32 33
32 34
32 35
32 36
32 37
32 39
32 40
32 41
32 43
32 44
32 46
32 47
32 48
32 49
32 51
32 52
32 53
32 55
32 57
32 58
32 60
32 61
32 62
32 63
32 66
32 69
32 70
32 72
32 73
32 74
32 75
32 76
32 77
32 79
32 80
32 81
32 82
32 83
32 85
32 86
32 90
32 91
32 92
32 93
32 94
32 95
32 96
32 97
32 98
32 99
33 34
33 35
33 37
33 38
33 39
33 41
33 43
33 44
33 45
33 46
33 47
33 48
33 49
33 50
33 53
33 55
33 56
33 59
33 60
33 61
33 62
33 64
33 65
33 71
33 72
33 73
33 78
33 81
33 83
33 84
33 86
33 89
33 90
33 91
33 92
33 93
33 96
33 97
33 99
34 35
34 39
34 40
34 41
34 42
34 43
34 44
34 45
34 46
34 48
34 49
34 50
34 51
34 53
34 54
34 57
34 58
34 59
34 60
34 61
34 63
34 65
34 66
34 68
34 69
34 70
34 71
34 72
34 74
34 80
34 83
34 84
34 86
34 87
34 88
34 89
34 91
34 92
34 94
34 95
34 96
34 98
35 36
35 37
35 39
35 41
35 42
35 43
35 46
35 47
35 48
35 53
35 55
35 58
35 59
35 60
35 62
35 65
35 67
35 69
35 70
35 71
35 74
35 76
35 77
35 79
35 83
35 86
35 88
35 90
35 91
35 93
35 95
35 96
35 97
35 98
35 99
36 38
36 40
36 41
36 43
36 44
36 45
36 46
36 47
36 49
36 50
36 51
36 54
36 55
36 56
36 57
36 58
36 59
36 61
36 62
36 63
36 64
36 65
36 66
36 67
36 68
36 69
36 70
36 71
36 72
36 73
36 74
36 75
36 77
36 78
36 79
36 82
36 83
36 84
36 85
36 86
36 87
36 88
36 89
36 90
36 91
36 92
36 94
36 96
36 98
36 99
37 38
37 39
37 40
37 41
37 42
37 43
37 44
37 45
37 46
37 47
37 48
37 49
37 50
37 51
37 52
37 53
37 54
37 55
37 56
37 57
37 58
37 59
37 60
37 61
37 62
37 63
37 64
37 65
37 66
37 67
37 68
37 69
37 70
37 71
37 72
37 73
37 74
37 75
37 76
37 77
37 78
37 79
37 80
37 81
37 82
37 83
37 84
37 85
37 86
37 87
37 88
37 89
37 90
37 91
37 92
37 93
37 94
37 95
37 96
37 97
37 98
37 99
38 39
38 40
38 42
38 43
38 45
38 47
38 49
38 51
38 52
38 53
38 54
38 56
38 60
38 61
38 66
38 72
38 73
38 75
38 79
38 81
38 84
38 86
38 88
38 91
38 92
38 96
38 98
39 50
39 52
39 58
39 68
39 78
39 88
40 41
40 42
40 43
40 44
40 45
40 46
40 47
40 48
40 49
40 50
40 51
40 52
40 53
40 54
40 55
40 56
40 57
40 58
40 59
40 60
40 61
40 62
40 63
40 64
40 65
40 66
40 67
40 68
40 70
40 71
40 72
40 74
40 75
40 76
40 77
40 78
40 79
40 80
40 81
40 82
40 83
40 84
40 85
40 86
40 87
40 88
40 89
40 90
40 91
40 92
40 93
40 94
40 95
40 96
40 97
40 98
40 99
41 44
41 46
41 50
41 53
41 54
41 55
41 60
41 62
41 66
41 67
41 68
41 69
41 70
41 71
41 72
41 74
41 75
41 77
41 80
41 83
41 87
41 90
41 91
41 94
41 96
41 97
42 44
42 45
42 47
42 48
42 50
42 52
42 54
42 56
42 63
42 64
42 66
42 67
42 74
42 75
42 76
42 82
42 85
42 86
42 87
42 93
42 96
42 97
42 98
43 46
43 53
43 55
43 57
43 87
44 46
44 47
44 49
44 50
44 52
44 53
44 54
44 55
44 56
44 58
44 62
44 63
44 65
44 66
44 67
44 73
44 75
44 77
44 78
44 80
44 81
44 82
44 86
44 87
44 89
44 92
44 94
44 95
44 97
44 98
45 50
45 51
45 54
45 60
45 88
45 93
46 77
46 94
47 52
47 53
47 56
47 58
47 59
47 64
47 65
47 70
47 71
47 72
47 77
47 80
47 83
47 84
47 85
47 86
47 88
47 89
47 93
47 98
48 51
48 53
48 54
48 56
48 57
48 58
48 63
48 65
48 67
48 69
48 70
48 73
48 74
48 75
48 76
48 78
48 85
48 88
48 91
48 93
48 95
48 96
49 53
49 54
49 56
49 59
49 63
49 66
49 67
49 69
49 71
49 76
49 82
49 86
49 92
49 94
49 95
49 97
49 99
50 51
50 52
50 53
50 55
50 56
50 62
50 63
50 64
50 65
50 66
50 67
50 68
50 69
50 74
50 76
50 84
50 85
50 87
50 92
50 94
50 97
51 53
51 57
51 59
51 75
51 80
51 81
51 88
51 89
51 92
51 96
51 97
52 53
52 54
52 55
52 56
52 57
52 59
52 60
52 61
52 62
52 63
52 64
52 65
52 66
52 67
52 69
52 70
52 71
52 72
52 74
52 75
52 76
52 78
52 79
52 80
52 81
52 82
52 83
52 84
52 86
52 87
52 89
52 91
52 92
52 93
52 94
52 95
52 96
52 97
52 98
52 99
53 54
53 55
53 56
53 60
53 61
53 63
53 64
53 66
53 68
53 69
53 70
53 71
53 73
53 75
53 76
53 77
53 78
53 79
53 80
53 81
53 83
53 84
53 87
53 88
53 89
53 90
53 92
53 93
53 94
53 95
53 97
53 98
53 99
54 55
54 56
54 57
54 58
54 59
54 60
54 62
54 63
54 64
54 66
54 69
54 72
54 73
54 74
54 76
54 80
54 82
54 83
54 84
54 86
54 88
54 89
54 96
54 98
55 56
55 57
55 58
55 59
55 60
55 61
55 62
55 63
55 64
55 65
55 66
55 67
55 68
55 69
55 70
55 71
55 72
55 73
55 74
55 75
55 76
55 77
55 78
55 80
55 81
55 82
55 83
55 84
55 85
55 86
55 87
55 88
55 89
55 90
55 91
55 92
55 93
55 94
55 95
55 96
55 97
55 99
56 60
56 65
56 68
56 70
56 72
56 76
56 79
56 81
56 84
56 90
56 93
56 96
57 67
57 68
57 76
57 77
57 79
57 96
57 97
57 98
57 99
58 59
58 61
58 62
58 63
58 64
58 65
58 66
58 67
58 68
58 69
58 70
58 71
58 73
58 74
58 75
58 76
58 77
58 78
58 79
58 80
58 81
58 82
58 83
58 84
58 85
58 86
58 87
58 88
58 89
58 90
58 91
58 92
58 94
58 95
58 96
58 97
58 98
58 99
59 60
59 62
59 63
59 65
59 66
59 68
59 69
59 71
59 76
59 78
59 79
59 81
59 82
59 83
59 84
59 85
59 89
59 90
59 91
59 93
59 94
59 95
59 96
59 97
59 98
59 99
60 85
60 90
61 65
61 82
62 63
62 64
62 67
62 72
62 82
62 86
62 88
62 93
63 64
63 65
63 66
63 67
63 71
63 72
63 73
63 74
63 75
63 77
63 78
63 79
63 81
63 83
63 85
63 86
63 87
63 89
63 91
63 92
63 93
63 94
63 95
63 97
63 98
63 99
64 65
64 68
64 70
64 71
64 74
64 75
64 78
64 79
64 84
64 85
64 86
64 89
64 91
64 92
64 97
64 98
64 99
65 66
65 74
65 75
65 76
65 77
65 78
65 82
65 83
65 86
65 88
65 91
65 93
65 94
65 96
66 69
66 83
66 84
66 88
66 94
66 97
66 99
67 69
67 74
67 75
67 81
67 82
67 87
67 88
67 89
67 90
67 92
67 97
67 98
68 69
68 71
68 72
68 73
68 74
68 75
68 76
68 77
68 78
68 79
68 80
68 82
68 83
68 84
68 85
68 86
68 87
68 88
68 89
68 90
68 91
68 92
68 93
68 94
68 95
68 96
68 97
68 98
68 99
69 72
69 74
70 71
70 72
70 73
70 74
70 75
70 76
70 77
70 78
70 79
70 80
70 81
70 82
70 83
70 84
70 85
70 86
70 87
70 88
70 89
70 90
70 91
70 92
70 93
70 94
70 95
70 96
70 97
70 98
70 99
71 73
71 74
71 77
71 80
71 81
71 83
71 84
71 85
71 86
71 87
71 91
71 92
71 93
71 94
71 95
71 96
71 97
71 98
71 99
72 75
72 76
72 77
72 80
72 82
72 87
72 88
72 92
72 93
72 94
72 96
72 97
72 99
73 93
74 77
74 78
74 79
74 81
74 82
74 84
74 86
74 87
74 89
74 90
74 91
74 92
74 93
74 97
74 98
75 76
75 81
75 82
75 83
75 84
75 85
75 86
75 87
75 88
75 89
75 90
75 91
75 93
75 94
75 95
75 97
75 98
75 99
76 84
76 90
76 92
76 98
77 78
77 79
77 80
77 81
77 82
77 83
77 84
77 85
77 86
77 87
77 88
77 89
77 90
77 91
77 92
77 93
77 94
77 95
77 96
77 97
77 98
77 99
78 79
78 80
78 81
78 82
78 83
78 84
78 85
78 86
78 87
78 88
78 89
78 91
78 94
78 95
78 96
78 97
78 99
79 81
79 83
79 84
79 85
79 88
79 89
79 90
79 91
79 92
79 94
79 95
79 97
80 83
80 89
80 90
80 91
81 84
81 85
81 87
81 89
81 92
81 99
82 87
82 92
82 93
82 95
83 84
83 85
83 86
83 88
83 89
83 90
83 91
83 92
83 93
83 94
83 95
83 97
83 99
84 86
84 87
84 89
84 90
84 92
84 94
84 96
84 99
85 86
85 87
85 88
85 89
85 90
85 91
85 92
85 94
85 95
85 97
85 98
85 99
86 90
86 96
86 99
87 88
87 89
87 91
87 92
87 93
87 94
87 96
87 98
87 99
88 89
88 96
89 90
89 94
89 96
89 97
89 99
90 94
90 97
90 99
91 92
91 93
91 95
91 96
91 99
92 94
92 95
92 98
92 99
93 94
93 95
93 97
94 96
94 98
95 99
96 99
97 99
98 99
