0 1
0 2
0 3
0 4
0 5
0 8
0 9
0 10
0 12
0 13
0 15
0 16
0 17
0 18
0 20
0 21
0 22
0 23
0 24
0 25
0 26
0 28
0 29
0 31
0 32
0 34
0 38
0 39
0 42
0 43
0 44
0 45
0 48
0 49
0 50
0 53
0 54
0 56
0 57
0 58
0 60
0 61
0 62
0 66
0 67
0 68
0 69
0 70
0 71
0 73
0 74
0 75
0 76
0 77
0 78
0 80
0 81
0 83
0 84
0 85
0 86
0 87
0 88
0 90
0 91
0 92
0 94
0 95
0 97
0 98
1 2
1 4
1 5
1 6
1 7
1 8
1 9
1 11
1 12
1 13
1 14
1 15
1 16
1 19
1 20
1 22
1 23
1 24
1 26
1 27
1 28
1 31
1 33
1 34
1 35
1 36
1 37
1 38
1 39
1 40
1 41
1 42
1 43
1 44
1 45
1 46
1 47
1 49
1 50
1 51
1 52
1 53
1 54
1 55
1 56
1 57
1 58
1 59
1 60
1 61
1 62
1 64
1 67
1 68
1 69
1 70
1 71
1 72
1 73
1 74
1 75
1 76
1 78
1 79
1 80
1 81
1 82
1 83
1 84
1 85
1 88
1 89
1 90
1 91
1 93
1 94
1 95
1 96
1 97
1 98
2 5
2 6
2 8
2 9
2 10
2 11
2 12
2 13
2 15
2 16
2 18
2 19
2 20
2 22
2 23
2 24
2 26
2 28
2 29
2 30
2 32
2 37
2 39
2 42
2 43
2 47
2 48
2 51
2 53
2 57
2 58
2 64
2 66
2 69
2 71
2 72
2 73
2 74
2 76
2 77
2 79
2 80
2 81
2 82
2 83
2 84
2 85
2 89
2 92
2 93
2 97
3 6
3 8
3 9
3 11
3 12
3 13
3 14
3 15
3 16
3 17
3 20
3 21
3 22
3 23
3 25
3 28
3 29
3 31
3 32
3 33
3 35
3 37
3 38
3 41
3 42
3 43
3 44
3 45
3 46
3 51
3 53
3 55
3 56
3 57
3 59
3 60
3 61
3 62
3 63
3 64
3 66
3 67
3 68
3 69
3 70
3 73
3 74
3 75
3 76
3 77
3 78
3 79
3 80
3 82
3 83
3 84
3 85
3 86
3 88
3 89
3 90
3 91
3 92
3 94
3 95
3 97
4 19
4 25
4 28
4 30
4 40
4 41
4 45
4 83
4 98
5 6
5 8
5 9
5 11
5 18
5 21
5 22
5 23
5 27
5 33
5 37
5 38
5 39
5 41
5 42
5 43
5 44
5 45
5 47
5 49
5 51
5 52
5 53
5 54
5 56
5 57
5 58
5 59
5 60
5 61
5 62
5 65
5 66
5 68
5 69
5 71
5 73
5 74
5 75
5 77
5 81
5 82
5 83
5 84
5 85
5 87
5 89
5 90
5 91
5 92
5 93
5 95
5 98
6 7
6 8
6 9
6 10
6 14
6 19
6 24
6 26
6 31
6 33
6 36
6 38
6 43
6 47
6 49
6 50
6 51
6 54
6 57
6 58
6 59
6 61
6 67
6 68
6 72
6 73
6 74
6 75
6 77
6 78
6 80
6 81
6 85
6 92
6 94
6 95
6 98
7 11
7 16
7 35
7 40
7 42
7 69
7 74
7 78
7 80
7 81
7 89
7 96
7 97
8 9
8 12
8 13
8 14
8 15
8 17
8 18
8 19
8 20
8 21
8 22
8 24
8 27
8 28
8 30
8 32
8 33
8 34
8 36
8 40
8 41
8 42
8 44
8 45
8 46
8 48
8 49
8 50
8 52
8 53
8 54
8 55
8 56
8 57
8 58
8 59
8 62
8 63
8 65
8 66
8 67
8 68
8 69
8 70
8 71
8 75
8 78
8 79
8 82
8 86
8 87
8 90
8 94
8 95
8 96
8 97
8 99
9 10
9 14
9 15
9 20
9 23
9 28
9 39
9 41
9 44
9 48
9 55
9 56
9 65
9 66
9 70
9 73
9 75
9 87
9 88
9 89
9 91
9 93
9 94
10 13
10 16
10 21
10 25
10 26
10 27
10 37
10 46
10 51
10 61
10 67
10 78
10 85
10 86
10 88
10 96
10 99
11 12
11 17
11 20
11 21
11 26
11 28
11 30
11 34
11 36
11 37
11 40
11 41
11 43
11 44
11 46
11 47
11 48
11 52
11 53
11 54
11 55
11 56
11 62
11 66
11 68
11 71
11 76
11 78
11 80
11 81
11 82
11 83
11 85
11 86
11 87
11 90
11 92
11 94
11 96
11 98
12 14
12 17
12 21
12 22
12 23
12 25
12 26
12 27
12 29
12 31
12 32
12 37
12 41
12 43
12 45
12 46
12 47
12 48
12 50
12 52
12 55
12 56
12 58
12 59
12 60
12 61
12 63
12 65
12 67
12 68
12 69
12 71
12 72
12 74
12 75
12 78
12 80
12 81
12 82
12 83
12 87
12 88
12 89
12 90
12 91
12 93
12 94
12 95
12 99
13 14
13 16
13 19
13 20
13 23
13 26
13 29
13 30
13 39
13 43
13 44
13 52
13 56
13 57
13 61
13 65
13 66
13 68
13 79
13 81
13 82
13 83
13 84
13 85
13 86
13 89
13 91
13 92
13 98
14 21
14 24
14 36
14 44
14 46
14 48
14 49
14 51
14 53
14 54
14 61
14 64
14 70
14 74
14 76
14 80
14 85
14 86
14 90
14 93
14 95
15 17
15 18
15 19
15 20
15 21
15 22
15 23
15 24
15 25
15 26
15 27
15 29
15 30
15 31
15 32
15 33
15 34
15 35
15 36
15 37
15 39
15 40
15 41
15 42
15 43
15 44
15 46
15 47
15 48
15 49
15 50
15 51
15 52
15 53
15 54
15 55
15 56
15 57
15 58
15 59
15 60
15 61
15 62
15 63
15 64
15 65
15 66
15 67
15 68
15 69
15 71
15 72
15 73
15 74
15 75
15 76
15 77
15 78
15 79
15 80
15 81
15 82
15 83
15 84
15 85
15 86
15 87
15 88
15 89
15 90
15 91
15 92
15 93
15 94
15 96
15 97
15 98
15 99
16 18
16 20
16 23
16 24
16 29
16 32
16 34
16 41
16 44
16 45
16 48
16 53
16 57
16 58
16 60
16 65
16 66
16 68
16 70
16 72
16 80
16 82
16 86
16 87
16 88
16 90
16 93
16 97
17 24
17 45
17 58
17 63
17 86
17 94
17 96
18 21
18 22
18 28
18 38
18 40
18 44
18 47
18 50
18 54
18 60
18 65
18 68
18 74
18 80
18 90
18 95
18 96
19 25
19 31
19 36
19 38
19 39
19 43
19 51
19 69
19 85
19 92
19 95
19 97
20 32
20 35
20 39
20 54
20 59
20 64
20 76
20 85
21 23
21 24
21 27
21 28
21 34
21 36
21 40
21 43
21 46
21 47
21 49
21 52
21 55
21 56
21 57
21 71
21 77
21 78
21 81
21 89
21 92
21 94
22 23
22 27
22 31
22 41
22 43
22 44
22 47
22 48
22 55
22 56
22 59
22 61
22 62
22 63
22 64
22 80
22 82
22 83
22 87
22 91
22 96
23 51
23 58
23 85
24 25
24 26
24 28
24 29
24 30
24 32
24 33
24 34
24 35
24 36
24 37
24 38
24 39
24 40
24 41
24 42
24 43
24 45
24 51
24 52
24 53
24 54
24 55
24 56
24 59
24 60
24 62
24 63
24 64
24 66
24 69
24 70
24 71
24 72
24 73
24 74
24 76
24 77
24 78
24 82
24 84
24 85
24 86
24 87
24 88
24 89
24 90
24 91
24 92
24 94
24 95
24 96
24 97
24 98
24 99
25 26
25 27
25 33
25 38
25 39
25 40
25 42
25 45
25 46
25 49
25 50
25 54
25 57
25 61
25 62
25 63
25 65
25 66
25 67
25 72
25 78
25 79
25 80
25 81
25 87
25 89
25 91
25 92
25 95
25 96
25 98
25 99
26 27
26 31
26 32
26 33
26 35
26 37
26 39
26 42
26 43
26 45
26 48
26 51
26 52
26 53
26 54
26 55
26 60
26 63
26 64
26 71
26 74
26 77
26 80
26 89
26 90
26 93
26 94
26 96
27 28
27 30
27 31
27 32
27 33
27 34
27 35
27 36
27 37
27 38
27 39
27 40
27 41
27 42
27 43
27 45
27 46
27 47
27 49
27 51
27 52
27 53
27 54
27 55
27 56
27 57
27 58
27 59
27 60
27 61
27 62
27 63
27 64
27 66
27 67
27 68
27 69
27 70
27 71
27 73
27 74
27 75
27 76
27 77
27 78
27 79
27 80
27 81
27 82
27 83
27 84
27 85
27 87
27 88
27 89
27 90
27 91
27 92
27 93
27 94
27 95
27 96
27 97
27 98
27 99
28 29
28 32
28 35
28 36
28 38
28 39
28 42
28 43
28 45
28 46
28 47
28 48
28 50
28 52
28 53
28 55
28 56
28 58
28 61
28 62
28 63
28 64
28 65
28 66
28 71
28 72
28 74
28 76
28 77
28 78
28 81
28 82
28 83
28 84
28 87
28 89
28 91
28 92
29 30
29 32
29 33
29 34
29 35
29 36
29 37
29 38
29 39
29 40
29 41
29 42
29 43
29 44
29 45
29 46
29 47
29 48
29 49
29 50
29 51
29 52
29 53
29 54
29 55
29 56
29 57
29 58
29 60
29 61
29 62
29 63
29 64
29 65
29 67
29 68
29 69
29 70
29 71
29 72
29 73
29 74
29 75
29 76
29 77
29 78
29 79
29 80
29 81
29 83
29 84
29 85
29 86
29 87
29 88
29 89
29 90
29 91
29 92
29 93
29 94
29 95
29 96
29 97
29 98
29 99
30 31
30 32
30 33
30 38
30 39
30 44
30 45
30 46
30 50
30 54
30 55
30 58
30 60
30 63
30 67
30 69
30 73
30 76
30 79
30 80
30 84
30 86
30 89
30 91
30 92
30 95
30 97
30 99
31 33
31 34
31 35
31 36
31 37
31 38
31 39
31 40
31 41
31 42
31 43
31 44
31 45
31 46
31 47
31 48
31 51
31 52
31 53
31 55
31 56
31 57
31 58
31 59
31 60
31 61
31 63
31 65
31 67
31 68
31 69
31 70
31 71
31 72
31 73
31 74
31 75
31 78
31 79
31 80
31 81
31 82
31 84
31 86
31 87
31 88
31 89
31 90
31 91
31 92
31 93
31 94
31 95
31 98
31 99
32 33
32 34
32 35
32 36
32 37
32 38
32 39
32 40
32 41
32 42
32 43
32 45
32 46
32 47
32 48
32 49
32 50
32 51
32 53
32 55
32 56
32 58
32 59
32 60
32 62
32 63
32 65
32 66
32 67
32 68
32 69
32 72
32 73
32 74
32 75
32 77
32 78
32 79
32 80
32 81
32 82
32 83
32 84
32 85
32 86
32 87
32 89
32 90
32 92
32 93
32 94
32 95
32 96
32 97
32 98
32 99
33 35
33 38
33 40
33 42
33 43
33 48
33 54
33 56
33 57
33 60
33 63
33 66
33 70
33 71
33 75
33 81
33 84
33 89
33 91
33 95
33 96
33 98
34 35
34 37
34 41
34 42
34 44
34 45
34 46
34 48
34 49
34 50
34 53
34 54
34 55
34 57
34 58
34 59
34 61
34 62
34 63
34 64
34 65
34 67
34 68
34 69
34 70
34 71
34 73
34 76
34 77
34 79
34 80
34 81
34 82
34 83
34 84
34 86
34 88
34 89
34 90
34 95
34 96
34 98
34 99
35 38
35 39
35 40
35 41
35 42
35 43
35 44
35 45
35 46
35 47
35 49
35 50
35 51
35 52
35 53
35 54
35 55
35 56
35 57
35 58
35 59
35 60
35 61
35 62
35 63
35 64
35 65
35 66
35 67
35 68
35 69
35 70
35 71
35 72
35 73
35 74
35 75
35 76
35 77
35 78
35 79
35 81
35 82
35 83
35 84
35 85
35 86
35 88
35 90
35 91
35 92
35 93
35 94
35 95
35 96
35 97
35 98
35 99
36 38
36 44
36 45
36 51
36 52
36 58
36 59
36 65
36 80
36 82
36 87
36 88
37 38
37 39
37 40
37 42
37 44
37 46
37 48
37 49
37 51
37 55
37 56
37 57
37 58
37 61
37 62
37 64
37 68
37 71
37 72
37 75
37 77
37 80
37 87
37 88
37 90
37 91
37 93
37 94
37 96
37 97
38 41
38 42
38 43
38 44
38 46
38 53
38 61
38 70
38 72
38 73
38 79
38 84
38 88
38 93
38 97
38 98
39 40
39 41
39 42
39 43
39 44
39 45
39 48
39 49
39 50
39 51
39 52
39 53
39 54
39 56
39 57
39 58
39 60
39 61
39 62
39 63
39 64
39 65
39 66
39 68
39 69
39 70
39 71
39 72
39 73
39 74
39 75
39 76
39 77
39 79
39 80
39 81
39 82
39 83
39 84
39 85
39 86
39 87
39 88
39 89
39 90
39 91
39 92
39 93
39 94
39 95
39 96
39 97
39 99
40 46
40 55
40 58
40 67
40 73
40 75
40 80
40 89
40 93
40 96
40 97
40 98
41 42
41 43
41 44
41 45
41 51
41 55
41 56
41 57
41 58
41 59
41 63
41 67
41 70
41 78
41 80
41 82
41 84
41 85
41 87
41 93
41 98
42 44
42 48
42 57
42 58
42 61
42 65
42 66
42 76
42 77
42 86
42 89
42 94
42 95
43 44
43 55
43 59
43 85
43 94
44 45
44 46
44 47
44 48
44 49
44 52
44 53
44 54
44 56
44 58
44 62
44 65
44 66
44 67
44 68
44 69
44 70
44 71
44 72
44 74
44 75
44 76
44 77
44 78
44 79
44 80
44 81
44 83
44 84
44 86
44 88
44 91
44 93
44 94
44 95
44 97
44 98
44 99
45 48
45 49
45 50
45 54
45 55
45 56
45 57
45 60
45 67
45 68
45 71
45 72
45 73
45 78
45 79
45 82
45 85
45 87
45 89
45 91
45 95
46 47
46 48
46 49
46 50
46 51
46 52
46 54
46 55
46 56
46 57
46 58
46 59
46 60
46 61
46 62
46 63
46 64
46 65
46 66
46 67
46 68
46 69
46 70
46 72
46 73
46 74
46 75
46 76
46 77
46 78
46 79
46 80
46 81
46 82
46 83
46 84
46 85
46 86
46 87
46 88
46 90
46 91
46 92
46 93
46 94
46 95
46 97
46 98
46 99
47 59
47 62
47 64
47 65
47 67
47 74
47 78
47 79
47 90
47 91
47 95
47 99
48 52
48 53
48 55
48 56
48 58
48 60
48 61
48 64
48 66
48 70
48 71
48 72
48 75
48 77
48 82
48 86
48 88
48 89
48 91
48 94
49 53
49 54
49 55
49 57
49 58
49 60
49 63
49 66
49 75
49 76
49 77
49 78
49 80
49 81
49 86
49 87
49 88
49 90
49 93
49 98
49 99
50 51
50 52
50 53
50 54
50 55
50 56
50 57
50 58
50 59
50 60
50 61
50 62
50 63
50 64
50 65
50 66
50 67
50 68
50 69
50 70
50 71
50 72
50 73
50 74
50 75
50 76
50 77
50 78
50 79
50 80
50 81
50 82
50 83
50 84
50 85
50 86
50 87
50 88
50 89
50 90
50 91
50 92
50 93
50 94
50 95
50 96
50 97
50 98
50 99
51 55
51 56
51 60
51 69
51 72
51 73
51 76
51 82
51 87
51 88
51 92
51 95
51 98
52 62
52 72
52 74
52 76
52 83
52 86
52 87
52 90
53 56
53 59
53 62
53 76
53 82
53 91
53 98
54 58
54 59
54 61
54 63
54 65
54 68
54 71
54 72
54 74
54 75
54 78
54 80
54 82
54 83
54 86
54 87
54 90
54 91
54 94
54 96
55 56
55 59
55 62
55 64
55 65
55 67
55 69
55 70
55 72
55 74
55 75
55 76
55 77
55 78
55 79
55 82
55 83
55 85
55 86
55 88
55 89
55 91
55 92
55 93
55 94
55 95
55 96
56 58
56 61
56 62
56 66
56 70
56 74
56 76
56 79
56 80
56 81
56 82
56 88
56 95
56 98
56 99
57 88
57 90
58 59
58 60
58 61
58 62
58 63
58 65
58 66
58 67
58 79
58 80
58 83
58 85
58 86
58 88
58 90
58 91
58 92
58 93
58 94
58 98
59 65
59 66
59 67
59 68
59 69
59 72
59 73
59 74
59 75
59 76
59 81
59 82
59 84
59 87
59 89
59 90
59 95
59 98
59 99
60 62
60 63
60 65
60 76
60 78
60 80
60 81
60 82
60 83
60 86
60 92
60 93
60 94
60 95
60 96
60 98
60 99
61 68
62 63
62 64
62 65
62 66
62 67
62 68
62 69
62 70
62 71
62 72
62 73
62 74
62 75
62 76
62 77
62 78
62 79
62 80
62 81
62 82
62 83
62 84
62 85
62 86
62 87
62 88
62 89
62 90
62 91
62 92
62 93
62 94
62 95
62 96
62 97
62 98
62 99
63 71
63 72
63 76
63 82
63 86
63 89
63 93
63 94
63 98
64 67
64 68
64 70
64 72
64 76
64 77
64 89
64 92
64 94
64 95
65 66
65 69
65 70
65 71
65 72
65 73
65 74
65 75
65 76
65 78
65 79
65 80
65 82
65 88
65 91
65 93
65 94
65 96
65 97
66 67
66 68
66 69
66 70
66 71
66 72
66 73
66 74
66 75
66 76
66 77
66 78
66 79
66 81
66 82
66 83
66 84
66 85
66 86
66 87
66 88
66 89
66 90
66 91
66 92
66 93
66 94
66 95
66 97
66 98
66 99
67 68
67 69
67 71
67 73
67 76
67 80
67 82
67 84
67 85
67 88
67 89
67 90
67 92
67 93
67 96
68 69
68 70
68 71
68 72
68 73
68 74
68 75
68 76
68 77
68 78
68 80
68 81
68 82
68 83
68 84
68 85
68 86
68 88
68 89
68 90
68 91
68 92
68 93
68 94
68 95
68 96
68 97
68 98
68 99
69 73
69 74
69 75
69 76
69 77
69 78
69 79
69 81
69 83
69 84
69 85
69 86
69 89
69 92
69 93
69 97
69 98
69 99
70 71
70 72
70 73
70 74
70 75
70 76
70 77
70 78
70 79
70 80
70 81
70 82
70 84
70 85
70 86
70 87
70 88
70 90
70 92
70 93
70 94
70 95
70 97
70 98
70 99
71 72
71 73
71 74
71 77
71 78
71 79
71 81
71 82
71 83
71 84
71 86
71 88
71 89
71 91
71 92
71 93
71 94
71 95
71 96
71 98
72 75
72 77
72 79
72 80
72 81
72 82
72 84
72 95
72 97
72 98
73 74
73 76
73 79
73 80
73 81
73 83
73 85
73 87
73 89
73 90
73 92
73 93
73 95
73 96
73 99
74 78
74 80
74 87
74 89
74 91
74 93
74 94
74 97
74 98
74 99
75 77
75 78
75 79
75 80
75 81
75 82
75 83
75 84
75 90
75 91
75 92
75 94
75 95
75 96
75 97
75 98
75 99
76 78
76 80
76 81
76 85
76 86
76 87
76 89
76 90
76 91
76 94
76 95
76 97
76 98
76 99
77 78
77 81
77 84
77 88
77 89
77 93
77 94
77 96
78 79
78 80
78 81
78 82
78 84
78 85
78 86
78 87
78 90
78 91
78 92
78 93
78 94
78 95
78 96
78 97
78 98
78 99
79 81
79 82
79 83
79 84
79 85
79 87
79 88
79 89
79 90
79 91
79 92
79 94
79 95
79 96
79 97
80 81
80 84
80 86
80 91
80 95
80 98
80 99
81 82
81 83
81 84
81 85
81 86
81 88
81 89
81 90
81 91
81 92
81 93
81 94
81 95
81 96
81 97
82 83
82 84
82 85
82 86
82 87
82 88
82 89
82 90
82 91
82 93
82 94
82 96
82 97
82 98
82 99
83 91
83 92
83 97
83 98
84 85
84 87
84 88
84 90
84 91
84 92
84 93
84 95
85 86
85 87
85 88
85 90
85 91
85 92
85 93
85 95
85 96
85 97
85 98
86 89
87 88
87 89
87 90
87 91
87 92
87 94
87 95
87 97
87 99
88 90
88 91
88 94
88 97
88 98
89 92
89 96
89 97
89 99
90 91
90 92
90 94
90 95
90 96
90 99
91 93
91 96
91 98
91 99
92 93
92 94
92 95
92 96
92 97
92 98
92 99
93 95
93 96
93 97
93 98
94 95
94 96
94 97
94 98
94 99
95 96
95 98
96 98
97 98
97 99
98 99
