0 7
0 8
0 20
0 32
0 55
0 87
0 97
1 8
1 21
1 25
1 33
1 42
1 43
1 44
1 73
1 74
1 88
1 93
1 99
2 4
2 5
2 6
2 8
2 9
2 10
2 12
2 13
2 14
2 16
2 18
2 19
2 20
2 21
2 22
2 23
2 24
2 25
2 28
2 31
2 34
2 37
2 43
2 44
2 48
2 50
2 51
2 53
2 54
2 55
2 56
2 62
2 63
2 64
2 65
2 67
2 70
2 71
2 72
2 73
2 74
2 76
2 77
2 78
2 81
2 83
2 86
2 87
2 90
2 93
2 94
2 98
2 99
3 6
3 9
3 15
3 17
3 19
3 23
3 28
3 30
3 31
3 45
3 47
3 53
3 54
3 67
3 68
3 90
3 96
3 97
4 7
4 8
4 9
4 10
4 11
4 12
4 14
4 15
4 16
4 18
4 20
4 21
4 22
4 23
4 24
4 25
4 26
4 27
4 28
4 30
4 31
4 32
4 33
4 34
4 35
4 36
4 38
4 39
4 40
4 41
4 44
4 45
4 47
4 48
4 50
4 51
4 53
4 57
4 58
4 59
4 60
4 61
4 64
4 65
4 67
4 68
4 69
4 70
4 73
4 74
4 75
4 76
4 78
4 79
4 80
4 81
4 82
4 83
4 84
4 85
4 86
4 87
4 90
4 92
4 93
4 94
4 95
4 96
4 97
4 98
4 99
5 7
5 9
5 11
5 13
5 14
5 15
5 16
5 18
5 23
5 25
5 28
5 30
5 31
5 33
5 34
5 38
5 40
5 41
5 43
5 46
5 47
5 48
5 50
5 51
5 52
5 53
5 54
5 56
5 58
5 59
5 60
5 61
5 62
5 63
5 65
5 66
5 67
5 68
5 69
5 71
5 73
5 74
5 75
5 76
5 77
5 79
5 81
5 82
5 83
5 85
5 86
5 88
5 89
5 91
5 93
5 94
5 99
6 7
6 9
6 10
6 11
6 12
6 14
6 15
6 16
6 18
6 19
6 20
6 21
6 23
6 24
6 25
6 26
6 27
6 28
6 29
6 30
6 33
6 34
6 36
6 37
6 38
6 39
6 40
6 42
6 43
6 44
6 46
6 47
6 49
6 50
6 52
6 53
6 54
6 55
6 56
6 57
6 58
6 61
6 63
6 64
6 67
6 68
6 70
6 73
6 74
6 75
6 77
6 78
6 79
6 80
6 81
6 82
6 83
6 84
6 85
6 86
6 87
6 90
6 91
6 92
6 93
6 94
6 95
6 96
6 97
6 98
6 99
7 12
7 16
7 19
7 21
7 22
7 34
7 38
7 46
7 51
7 54
7 56
7 59
7 62
7 65
7 75
7 82
7 89
7 96
7 97
7 99
8 9
8 10
8 11
8 12
8 13
8 14
8 15
8 16
8 17
8 18
8 19
8 20
8 21
8 22
8 24
8 26
8 27
8 28
8 29
8 30
8 31
8 32
8 33
8 34
8 35
8 36
8 37
8 38
8 39
8 40
8 41
8 42
8 43
8 44
8 45
8 47
8 48
8 49
8 51
8 52
8 53
8 54
8 55
8 56
8 57
8 59
8 60
8 62
8 63
8 64
8 65
8 66
8 67
8 68
8 69
8 70
8 71
8 72
8 73
8 74
8 76
8 77
8 79
8 82
8 83
8 85
8 86
8 87
8 88
8 89
8 90
8 91
8 93
8 94
8 95
8 96
8 97
8 98
8 99
9 54
9 86
9 87
10 37
10 82
10 84
11 12
11 13
11 14
11 15
11 16
11 18
11 19
11 20
11 21
11 22
11 23
11 24
11 25
11 26
11 27
11 28
11 30
11 31
11 32
11 33
11 35
11 36
11 37
11 38
11 39
11 40
11 41
11 42
11 43
11 44
11 45
11 46
11 47
11 48
11 49
11 50
11 51
11 52
11 54
11 55
11 56
11 57
11 58
11 60
11 62
11 63
11 65
11 66
11 67
11 68
11 69
11 70
11 71
11 72
11 74
11 75
11 77
11 78
11 79
11 80
11 81
11 84
11 85
11 86
11 87
11 88
11 89
11 91
11 92
11 93
11 94
11 95
11 96
11 98
12 13
12 18
12 19
12 21
12 23
12 27
12 30
12 31
12 35
12 38
12 39
12 40
12 42
12 43
12 46
12 47
12 48
12 53
12 57
12 58
12 60
12 62
12 66
12 67
12 69
12 71
12 72
12 73
12 74
12 76
12 77
12 79
12 82
12 83
12 87
12 90
12 91
12 94
12 96
13 14
13 16
13 17
13 18
13 19
13 20
13 22
13 26
13 28
13 30
13 36
13 37
13 40
13 42
13 46
13 47
13 55
13 56
13 58
13 62
13 63
13 65
13 67
13 68
13 71
13 72
13 73
13 75
13 76
13 78
13 80
13 81
13 83
13 84
13 86
13 90
13 92
13 93
13 97
13 98
14 17
14 18
14 19
14 20
14 21
14 22
14 23
14 24
14 25
14 28
14 31
14 33
14 35
14 37
14 39
14 40
14 46
14 47
14 49
14 50
14 53
14 54
14 56
14 57
14 58
14 60
14 61
14 62
14 63
14 64
14 65
14 66
14 67
14 69
14 70
14 71
14 73
14 78
14 81
14 83
14 85
14 86
14 88
14 89
14 90
14 93
14 94
14 95
14 96
14 97
14 99
15 17
15 22
15 23
15 27
15 28
15 34
15 38
15 43
15 48
15 66
15 70
15 71
15 72
15 73
15 79
15 80
15 81
15 87
15 91
15 98
16 18
16 21
16 22
16 23
16 25
16 27
16 33
16 35
16 36
16 39
16 42
16 43
16 46
16 49
16 54
16 57
16 58
16 63
16 64
16 65
16 66
16 68
16 69
16 70
16 74
16 75
16 78
16 79
16 80
16 81
16 85
16 87
16 88
16 94
16 97
17 19
17 22
17 23
17 25
17 26
17 28
17 30
17 31
17 32
17 35
17 39
17 42
17 43
17 44
17 48
17 49
17 55
17 59
17 62
17 63
17 64
17 67
17 70
17 73
17 76
17 77
17 79
17 85
17 88
17 89
17 93
17 95
17 97
18 19
18 20
18 21
18 22
18 23
18 24
18 25
18 26
18 27
18 28
18 29
18 30
18 31
18 32
18 33
18 34
18 35
18 36
18 37
18 38
18 39
18 41
18 42
18 43
18 44
18 45
18 47
18 48
18 49
18 50
18 51
18 52
18 53
18 54
18 55
18 56
18 57
18 58
18 59
18 60
18 61
18 62
18 63
18 64
18 65
18 67
18 68
18 69
18 70
18 71
18 72
18 73
18 74
18 75
18 76
18 77
18 78
18 79
18 80
18 81
18 82
18 83
18 84
18 85
18 86
18 87
18 88
18 89
18 90
18 91
18 92
18 93
18 94
18 95
18 96
18 97
18 98
18 99
19 21
19 24
19 29
19 31
19 36
19 44
19 66
19 73
19 74
19 77
19 78
19 85
19 86
19 89
19 97
19 98
20 23
20 24
20 26
20 29
20 31
20 32
20 35
20 36
20 39
20 43
20 44
20 45
20 46
20 47
20 51
20 56
20 59
20 60
20 61
20 62
20 65
20 67
20 69
20 70
20 72
20 73
20 74
20 75
20 77
20 78
20 83
20 84
20 85
20 89
20 90
20 91
20 93
20 95
20 98
21 41
21 51
21 52
21 54
21 61
21 64
21 65
21 66
21 70
21 75
21 76
21 85
21 86
22 23
22 27
22 28
22 31
22 32
22 35
22 37
22 43
22 44
22 48
22 51
22 52
22 59
22 63
22 68
22 72
22 75
22 76
22 78
22 79
22 80
22 81
22 86
22 89
22 93
22 97
22 98
22 99
23 26
23 28
23 29
23 30
23 31
23 32
23 38
23 41
23 43
23 47
23 49
23 50
23 52
23 53
23 57
23 58
23 60
23 61
23 62
23 68
23 71
23 76
23 77
23 78
23 79
23 82
23 83
23 88
23 92
23 94
23 95
23 96
23 97
23 99
24 31
24 36
24 37
24 38
24 44
24 46
24 50
24 51
24 52
24 54
24 67
24 69
24 71
24 72
24 75
24 80
24 81
24 87
24 89
24 90
24 96
24 99
25 40
25 73
25 77
25 97
26 27
26 28
26 30
26 31
26 32
26 34
26 36
26 37
26 39
26 41
26 42
26 43
26 44
26 47
26 49
26 50
26 51
26 52
26 53
26 54
26 55
26 57
26 58
26 60
26 61
26 64
26 66
26 67
26 68
26 69
26 70
26 73
26 74
26 75
26 77
26 78
26 79
26 81
26 82
26 85
26 86
26 87
26 90
26 92
26 93
26 94
26 95
26 96
26 97
26 99
27 28
27 29
27 30
27 31
27 32
27 33
27 34
27 35
27 37
27 38
27 39
27 41
27 42
27 43
27 44
27 47
27 49
27 53
27 55
27 56
27 58
27 59
27 60
27 61
27 62
27 63
27 64
27 65
27 68
27 70
27 72
27 73
27 74
27 75
27 76
27 77
27 78
27 79
27 80
27 82
27 83
27 84
27 85
27 86
27 87
27 88
27 89
27 90
27 91
27 93
27 95
27 96
27 97
27 98
27 99
28 29
28 31
28 32
28 33
28 34
28 35
28 40
28 46
28 47
28 48
28 50
28 54
28 55
28 56
28 57
28 62
28 64
28 67
28 68
28 70
28 71
28 74
28 75
28 76
28 77
28 80
28 81
28 89
28 91
28 92
28 93
28 97
28 98
28 99
29 32
29 36
29 44
29 51
29 71
29 74
29 80
29 81
29 85
29 86
29 96
30 31
30 32
30 33
30 34
30 35
30 36
30 37
30 38
30 39
30 40
30 43
30 44
30 45
30 46
30 48
30 49
30 51
30 52
30 53
30 56
30 57
30 58
30 59
30 61
30 62
30 64
30 65
30 67
30 68
30 69
30 70
30 72
30 73
30 74
30 75
30 77
30 78
30 81
30 84
30 85
30 87
30 88
30 90
30 93
30 94
30 96
30 98
30 99
31 32
31 33
31 34
31 36
31 37
31 38
31 39
31 41
31 44
31 45
31 46
31 47
31 49
31 50
31 51
31 52
31 53
31 54
31 55
31 57
31 59
31 60
31 61
31 62
31 63
31 64
31 65
31 66
31 67
31 68
31 70
31 72
31 73
31 74
31 75
31 76
31 77
31 78
31 80
31 81
31 82
31 84
31 85
31 86
31 87
31 88
31 89
31 90
31 91
31 93
31 94
31 95
31 96
31 97
31 99
32 38
32 39
32 40
32 43
32 46
32 48
32 51
32 59
32 67
32 70
32 71
32 74
32 80
32 82
32 84
32 86
32 91
33 34
33 36
33 37
33 38
33 39
33 40
33 41
33 43
33 46
33 47
33 48
33 50
33 52
33 53
33 55
33 56
33 57
33 58
33 60
33 61
33 62
33 63
33 64
33 66
33 68
33 69
33 70
33 71
33 72
33 74
33 76
33 77
33 80
33 82
33 83
33 84
33 85
33 86
33 87
33 88
33 90
33 91
33 92
33 94
33 95
33 97
33 98
34 35
34 36
34 37
34 39
34 40
34 41
34 42
34 43
34 44
34 45
34 47
34 48
34 50
34 51
34 53
34 54
34 55
34 56
34 57
34 58
34 59
34 60
34 61
34 63
34 65
34 66
34 67
34 68
34 69
34 70
34 71
34 72
34 73
34 75
34 77
34 80
34 81
34 83
34 84
34 85
34 86
34 87
34 89
34 91
34 93
34 94
34 96
34 99
35 40
35 44
35 49
35 50
35 59
35 66
35 74
35 88
35 90
36 37
36 38
36 39
36 40
36 41
36 43
36 45
36 46
36 48
36 50
36 51
36 53
36 54
36 55
36 57
36 58
36 60
36 62
36 63
36 66
36 69
36 71
36 72
36 74
36 75
36 76
36 77
36 78
36 79
36 80
36 81
36 82
36 88
36 89
36 91
36 92
36 95
36 96
36 97
37 38
37 40
37 41
37 42
37 43
37 45
37 46
37 47
37 48
37 49
37 50
37 51
37 52
37 53
37 54
37 55
37 57
37 59
37 60
37 61
37 62
37 63
37 64
37 66
37 67
37 68
37 69
37 70
37 71
37 74
37 76
37 77
37 78
37 79
37 80
37 81
37 83
37 85
37 86
37 87
37 88
37 89
37 90
37 91
37 92
37 93
37 95
37 96
37 97
37 98
38 67
39 44
39 47
39 48
39 52
39 56
39 58
39 62
39 64
39 67
39 69
39 74
39 80
39 85
39 92
39 95
40 43
40 44
40 45
40 46
40 48
40 54
40 59
40 62
40 64
40 66
40 67
40 68
40 70
40 71
40 76
40 77
40 78
40 79
40 82
40 84
40 86
40 87
40 91
40 93
40 96
40 98
40 99
41 42
41 43
41 44
41 45
41 46
41 47
41 49
41 50
41 52
41 54
41 55
41 56
41 57
41 62
41 63
41 64
41 65
41 66
41 67
41 68
41 72
41 73
41 74
41 75
41 76
41 79
41 80
41 81
41 83
41 85
41 86
41 88
41 90
41 91
41 92
41 93
41 94
41 95
41 96
42 43
42 44
42 45
42 46
42 47
42 48
42 49
42 50
42 51
42 52
42 53
42 54
42 55
42 56
42 58
42 59
42 60
42 61
42 62
42 63
42 64
42 65
42 66
42 67
42 68
42 70
42 72
42 73
42 74
42 75
42 78
42 80
42 82
42 83
42 84
42 86
42 88
42 89
42 90
42 91
42 92
42 93
42 94
42 95
42 96
42 97
42 98
43 44
43 45
43 46
43 47
43 48
43 49
43 50
43 51
43 53
43 54
43 55
43 56
43 57
43 59
43 60
43 61
43 63
43 65
43 66
43 67
43 68
43 69
43 70
43 72
43 74
43 75
43 76
43 77
43 79
43 80
43 81
43 82
43 83
43 84
43 85
43 86
43 87
43 88
43 89
43 90
43 91
43 92
43 94
43 95
43 96
43 99
44 73
45 49
45 50
45 52
45 54
45 55
45 57
45 58
45 59
45 60
45 64
45 65
45 66
45 69
45 70
45 72
45 74
45 75
45 76
45 77
45 79
45 81
45 82
45 83
45 84
45 85
45 86
45 87
45 88
45 89
45 91
45 92
45 93
45 94
45 95
45 97
45 98
45 99
46 55
46 56
46 58
46 62
46 64
46 76
46 79
46 80
46 84
46 88
46 89
46 90
46 91
46 93
46 94
46 96
47 55
47 57
47 58
47 60
47 80
47 81
47 86
47 90
47 99
48 50
48 51
48 54
48 57
48 58
48 60
48 63
48 64
48 69
48 70
48 71
48 76
48 78
48 79
48 80
48 81
48 83
48 90
48 95
48 97
49 50
49 53
49 54
49 55
49 57
49 58
49 60
49 63
49 65
49 66
49 68
49 69
49 74
49 76
49 77
49 79
49 80
49 81
49 82
49 84
49 85
49 86
49 88
49 91
49 93
49 94
49 96
49 99
50 51
50 53
50 55
50 56
50 61
50 62
50 63
50 64
50 67
50 68
50 69
50 73
50 74
50 75
50 76
50 77
50 79
50 80
50 83
50 87
50 90
50 92
50 93
50 94
50 97
50 99
51 52
51 53
51 56
51 57
51 58
51 62
51 63
51 66
51 69
51 71
51 72
51 74
51 75
51 79
51 80
51 81
51 83
51 85
51 88
51 89
51 92
51 94
51 95
51 96
51 97
51 98
51 99
52 54
52 57
52 58
52 62
52 64
52 71
52 76
52 80
52 81
52 82
52 83
52 86
52 90
52 94
52 97
52 98
53 54
53 55
53 56
53 57
53 59
53 60
53 61
53 62
53 63
53 64
53 66
53 68
53 70
53 73
53 74
53 75
53 77
53 78
53 81
53 82
53 83
53 84
53 85
53 86
53 87
53 88
53 89
53 90
53 91
53 92
53 93
53 94
53 95
53 97
53 98
54 57
54 58
54 59
54 60
54 61
54 62
54 63
54 64
54 65
54 66
54 67
54 68
54 69
54 70
54 71
54 72
54 73
54 74
54 75
54 76
54 77
54 78
54 79
54 80
54 81
54 82
54 83
54 84
54 85
54 86
54 87
54 88
54 89
54 90
54 91
54 92
54 93
54 94
54 95
54 96
54 97
54 98
54 99
55 56
55 57
55 58
55 59
55 61
55 62
55 63
55 64
55 65
55 66
55 68
55 69
55 70
55 71
55 72
55 76
55 77
55 78
55 79
55 83
55 84
55 85
55 86
55 87
55 88
55 89
55 90
55 91
55 92
55 93
55 94
55 95
55 96
55 97
55 98
55 99
56 60
56 61
56 63
56 64
56 65
56 67
56 70
56 72
56 74
56 77
56 78
56 82
56 83
56 85
56 86
56 87
56 88
56 90
56 91
56 92
56 93
56 94
56 95
56 97
56 99
57 59
57 60
57 61
57 62
57 69
57 70
57 76
57 77
57 78
57 81
57 82
57 83
57 84
57 88
57 90
57 91
57 92
57 93
57 98
58 61
58 63
58 64
58 79
58 80
58 82
58 84
58 86
58 95
58 96
59 60
59 63
59 64
59 68
59 70
59 71
59 76
59 79
59 83
59 87
59 91
59 96
60 63
60 64
60 65
60 67
60 68
60 69
60 70
60 71
60 73
60 75
60 77
60 78
60 79
60 80
60 81
60 82
60 83
60 84
60 85
60 87
60 88
60 89
60 90
60 93
60 95
60 96
60 97
60 98
60 99
61 62
61 64
61 67
61 69
61 70
61 72
61 73
61 74
61 76
61 79
61 80
61 81
61 82
61 83
61 87
61 90
61 91
61 94
61 96
61 99
62 94
63 71
63 85
63 94
64 66
64 68
64 69
64 71
64 73
64 76
64 77
64 79
64 81
64 82
64 83
64 84
64 85
64 86
64 88
64 89
64 91
64 92
64 94
64 96
64 97
64 99
65 66
65 67
65 69
65 70
65 71
65 72
65 79
65 80
65 84
65 88
65 90
65 94
65 96
65 97
65 98
65 99
66 67
66 68
66 69
66 71
66 72
66 73
66 74
66 75
66 76
66 77
66 78
66 79
66 80
66 81
66 83
66 84
66 86
66 88
66 91
66 92
66 93
66 94
66 95
66 97
66 98
66 99
67 68
67 69
67 71
67 72
67 75
67 76
67 77
67 78
67 79
67 81
67 82
67 84
67 85
67 87
67 88
67 89
67 91
67 92
67 93
67 94
67 95
67 97
67 98
68 69
68 72
68 73
68 74
68 77
68 78
68 79
68 80
68 81
68 82
68 83
68 85
68 86
68 87
68 90
68 91
68 93
68 94
68 95
68 96
68 98
69 70
69 71
69 72
69 75
69 76
69 77
69 78
69 79
69 81
69 82
69 83
69 84
69 85
69 87
69 88
69 89
69 90
69 91
69 92
69 93
69 94
69 95
69 96
69 97
69 98
70 76
70 78
70 79
70 82
70 83
70 88
70 89
70 90
70 94
71 72
71 73
71 74
71 75
71 76
71 77
71 78
71 79
71 80
71 81
71 82
71 83
71 84
71 85
71 86
71 87
71 88
71 89
71 90
71 91
71 92
71 93
71 94
71 95
71 96
71 97
71 98
71 99
72 73
72 74
72 75
72 77
72 78
72 79
72 80
72 81
72 82
72 83
72 84
72 85
72 86
72 87
72 88
72 89
72 90
72 91
72 92
72 94
72 95
72 96
72 97
72 99
73 77
73 80
73 82
73 84
73 86
73 89
73 92
73 93
73 94
73 96
73 98
73 99
74 76
74 79
74 81
74 82
74 84
74 85
74 87
74 88
74 89
74 90
74 94
74 96
75 78
75 79
75 86
75 92
75 94
75 95
76 83
76 88
76 92
76 93
77 78
77 79
77 80
77 81
77 82
77 83
77 84
77 85
77 86
77 87
77 88
77 89
77 90
77 91
77 93
77 94
77 95
77 96
77 97
77 98
77 99
78 79
78 80
78 83
78 84
78 86
78 89
78 90
78 91
78 95
78 96
78 97
78 98
79 88
79 93
79 96
80 86
80 88
80 89
80 94
81 82
81 83
81 88
81 93
81 94
81 96
81 98
81 99
82 83
82 84
82 88
82 91
82 98
82 99
83 84
83 85
83 86
83 87
83 88
83 89
83 90
83 92
83 93
83 94
83 95
83 96
83 97
83 98
83 99
84 85
84 87
84 88
84 89
84 90
84 91
84 92
84 93
84 94
84 95
84 96
84 97
84 98
84 99
85 86
85 87
85 91
85 97
86 88
86 90
87 89
87 90
87 91
87 92
87 93
87 94
87 95
87 96
87 98
87 99
88 89
88 94
88 96
89 94
89 97
90 91
90 94
91 92
91 94
91 95
91 97
91 99
92 93
92 94
92 95
92 96
92 97
92 98
92 99
93 94
93 97
93 98
93 99
94 95
94 96
94 97
94 98
95 96
95 97
95 98
95 99
96 97
96 99
97 98
97 99
98 99
