0 1
0 2
0 3
0 4
0 5
0 6
0 7
0 8
0 9
0 10
0 11
0 12
0 13
0 14
0 16
0 17
0 18
0 19
0 20
0 21
0 22
0 23
0 24
0 25
0 26
0 27
0 28
0 29
0 31
0 32
0 33
0 36
0 37
0 38
0 39
0 40
0 41
0 42
0 43
0 45
0 46
0 47
0 48
0 49
0 51
0 52
0 53
0 54
0 55
0 56
0 58
0 60
0 61
0 62
0 63
0 65
0 67
0 68
0 70
0 72
0 73
0 74
0 75
0 76
0 77
0 78
0 79
0 81
0 82
0 83
0 84
0 86
0 87
0 88
0 90
0 91
0 93
0 94
0 95
0 96
0 97
0 98
1 21
1 43
1 46
1 47
1 52
1 65
1 97
2 3
2 10
2 11
2 15
2 17
2 20
2 22
2 23
2 27
2 28
2 29
2 32
2 34
2 36
2 37
2 38
2 39
2 42
2 43
2 44
2 45
2 49
2 50
2 53
2 55
2 58
2 62
2 66
2 70
2 72
2 78
2 81
2 86
2 88
2 99
3 16
3 27
3 34
3 54
3 73
3 74
4 5
4 6
4 8
4 11
4 12
4 13
4 14
4 16
4 17
4 18
4 19
4 20
4 23
4 24
4 25
4 26
4 28
4 30
4 31
4 32
4 33
4 37
4 42
4 43
4 45
4 46
4 48
4 51
4 55
4 57
4 58
4 60
4 61
4 64
4 65
4 66
4 70
4 71
4 72
4 74
4 80
4 82
4 84
4 86
4 87
4 88
4 89
4 90
4 91
4 93
4 97
4 98
4 99
5 6
5 7
5 8
5 9
5 10
5 11
5 12
5 13
5 14
5 15
5 16
5 17
5 18
5 19
5 20
5 21
5 22
5 23
5 24
5 25
5 27
5 28
5 29
5 30
5 31
5 32
5 33
5 34
5 35
5 36
5 37
5 38
5 39
5 40
5 41
5 42
5 43
5 44
5 45
5 46
5 47
5 48
5 49
5 50
5 51
5 52
5 53
5 54
5 55
5 56
5 57
5 58
5 59
5 60
5 61
5 62
5 63
5 64
5 65
5 66
5 67
5 68
5 69
5 70
5 71
5 72
5 73
5 74
5 75
5 76
5 77
5 78
5 79
5 80
5 81
5 82
5 83
5 84
5 85
5 86
5 87
5 88
5 89
5 90
5 91
5 92
5 93
5 94
5 95
5 96
5 97
5 98
5 99
6 7
6 8
6 9
6 14
6 15
6 16
6 18
6 22
6 25
6 26
6 27
6 28
6 31
6 33
6 35
6 37
6 38
6 39
6 40
6 42
6 43
6 44
6 48
6 49
6 50
6 51
6 54
6 56
6 57
6 58
6 59
6 60
6 61
6 63
6 64
6 65
6 66
6 70
6 71
6 72
6 73
6 74
6 75
6 76
6 80
6 81
6 82
6 86
6 87
6 88
6 89
6 90
6 92
6 93
6 94
6 96
6 97
7 8
7 9
7 13
7 14
7 16
7 18
7 22
7 25
7 26
7 27
7 29
7 30
7 31
7 32
7 33
7 34
7 35
7 37
7 38
7 40
7 42
7 47
7 48
7 51
7 52
7 53
7 56
7 58
7 60
7 63
7 65
7 67
7 69
7 73
7 74
7 75
7 76
7 77
7 80
7 82
7 83
7 86
7 87
7 88
7 90
7 92
7 93
7 94
7 95
7 98
7 99
8 11
8 12
8 13
8 14
8 16
8 19
8 22
8 23
8 24
8 26
8 27
8 29
8 30
8 32
8 33
8 34
8 37
8 39
8 40
8 41
8 42
8 43
8 44
8 45
8 46
8 47
8 48
8 50
8 51
8 52
8 53
8 54
8 56
8 57
8 58
8 59
8 60
8 63
8 64
8 65
8 66
8 67
8 69
8 71
8 74
8 77
8 78
8 79
8 81
8 83
8 84
8 85
8 87
8 88
8 89
8 91
8 92
8 93
8 95
8 96
8 98
8 99
9 12
9 13
9 14
9 19
9 22
9 23
9 24
9 27
9 28
9 31
9 32
9 36
9 40
9 42
9 43
9 46
9 48
9 52
9 54
9 55
9 57
9 59
9 63
9 65
9 66
9 69
9 70
9 72
9 73
9 74
9 76
9 81
9 89
9 91
9 92
9 97
9 99
10 11
10 12
10 13
10 16
10 18
10 19
10 20
10 22
10 23
10 24
10 26
10 27
10 28
10 29
10 30
10 33
10 34
10 35
10 36
10 37
10 38
10 40
10 41
10 42
10 43
10 44
10 45
10 46
10 48
10 49
10 52
10 56
10 57
10 58
10 59
10 60
10 61
10 62
10 63
10 64
10 66
10 67
10 68
10 70
10 72
10 75
10 76
10 77
10 78
10 79
10 80
10 81
10 82
10 83
10 84
10 85
10 87
10 88
10 89
10 90
10 92
10 93
10 94
10 95
10 96
10 97
10 98
10 99
11 12
11 13
11 15
11 16
11 18
11 19
11 20
11 21
11 22
11 23
11 24
11 25
11 26
11 27
11 28
11 29
11 31
11 33
11 34
11 37
11 39
11 40
11 41
11 43
11 44
11 45
11 46
11 47
11 48
11 49
11 50
11 51
11 52
11 53
11 54
11 55
11 56
11 57
11 58
11 59
11 60
11 63
11 65
11 66
11 67
11 68
11 69
11 70
11 71
11 72
11 73
11 75
11 76
11 78
11 79
11 80
11 82
11 83
11 84
11 87
11 88
11 89
11 91
11 92
11 93
11 94
11 95
11 96
11 98
11 99
12 14
12 15
12 17
12 21
12 22
12 23
12 26
12 27
12 30
12 31
12 34
12 36
12 37
12 39
12 40
12 43
12 44
12 48
12 54
12 55
12 56
12 59
12 60
12 63
12 64
12 70
12 71
12 73
12 74
12 76
12 79
12 80
12 83
12 84
12 85
12 86
12 87
12 90
12 91
12 92
12 94
12 95
12 96
13 15
13 19
13 21
13 22
13 24
13 27
13 30
13 37
13 39
13 52
13 54
13 57
13 58
13 60
13 64
13 68
13 76
13 78
13 80
13 81
13 89
13 90
13 91
13 94
13 95
13 97
14 16
14 17
14 18
14 20
14 24
14 26
14 27
14 28
14 31
14 32
14 34
14 38
14 39
14 42
14 46
14 47
14 48
14 50
14 51
14 53
14 54
14 56
14 58
14 59
14 63
14 64
14 65
14 66
14 67
14 69
14 70
14 71
14 72
14 73
14 78
14 79
14 80
14 82
14 85
14 86
14 87
14 89
14 91
14 92
14 93
14 94
14 95
14 98
14 99
15 17
15 18
15 19
15 20
15 21
15 22
15 23
15 25
15 26
15 28
15 30
15 31
15 32
15 33
15 34
15 35
15 36
15 37
15 39
15 40
15 41
15 44
15 45
15 46
15 47
15 48
15 49
15 50
15 51
15 52
15 53
15 54
15 55
15 56
15 57
15 58
15 59
15 62
15 63
15 64
15 65
15 66
15 67
15 68
15 69
15 71
15 72
15 74
15 76
15 77
15 78
15 80
15 81
15 82
15 83
15 84
15 85
15 86
15 87
15 89
15 90
15 91
15 92
15 93
15 94
15 95
15 96
15 97
15 99
16 17
16 18
16 19
16 20
16 21
16 22
16 23
16 24
16 25
16 26
16 27
16 28
16 29
16 30
16 31
16 32
16 33
16 34
16 36
16 38
16 39
16 40
16 41
16 42
16 43
16 44
16 45
16 46
16 47
16 49
16 50
16 51
16 52
16 53
16 54
16 55
16 57
16 58
16 60
16 61
16 62
16 63
16 64
16 65
16 66
16 69
16 70
16 71
16 72
16 73
16 74
16 75
16 76
16 77
16 78
16 79
16 80
16 81
16 82
16 83
16 85
16 86
16 87
16 88
16 89
16 91
16 92
16 93
16 94
16 95
16 96
16 97
16 98
16 99
17 18
17 20
17 21
17 23
17 25
17 26
17 27
17 28
17 29
17 30
17 31
17 32
17 33
17 34
17 35
17 36
17 37
17 38
17 40
17 41
17 42
17 43
17 44
17 45
17 47
17 48
17 49
17 50
17 51
17 52
17 53
17 54
17 56
17 58
17 59
17 60
17 61
17 62
17 63
17 64
17 65
17 66
17 67
17 68
17 69
17 70
17 71
17 72
17 73
17 74
17 75
17 76
17 77
17 78
17 79
17 80
17 81
17 82
17 83
17 85
17 86
17 87
17 88
17 89
17 90
17 91
17 92
17 93
17 94
17 95
17 97
17 98
17 99
18 21
18 23
18 24
18 36
18 39
18 40
18 45
18 48
18 49
18 50
18 66
18 76
18 78
18 80
18 92
18 98
19 21
19 23
19 24
19 25
19 28
19 29
19 31
19 32
19 33
19 34
19 38
19 39
19 41
19 43
19 44
19 45
19 46
19 47
19 48
19 49
19 50
19 51
19 52
19 53
19 55
19 62
19 65
19 66
19 67
19 69
19 71
19 72
19 73
19 75
19 77
19 80
19 82
19 84
19 85
19 87
19 89
19 90
19 93
19 96
19 99
20 25
20 27
20 34
20 36
20 40
20 41
20 42
20 45
20 47
20 56
20 57
20 59
20 69
20 75
20 80
20 81
20 91
20 93
20 94
20 95
21 26
21 28
21 29
21 31
21 33
21 34
21 35
21 38
21 41
21 43
21 50
21 51
21 56
21 60
21 68
21 69
21 71
21 74
21 77
21 78
21 80
21 84
21 85
21 87
21 91
21 92
21 95
22 24
22 28
22 29
22 31
22 32
22 35
22 36
22 41
22 42
22 43
22 46
22 47
22 50
22 51
22 54
22 58
22 59
22 60
22 62
22 64
22 66
22 70
22 74
22 78
22 81
22 88
22 89
22 92
22 93
22 97
23 24
23 25
23 26
23 27
23 28
23 29
23 30
23 31
23 32
23 33
23 34
23 35
23 36
23 37
23 38
23 39
23 40
23 41
23 42
23 43
23 45
23 47
23 49
23 50
23 52
23 53
23 54
23 55
23 56
23 57
23 58
23 59
23 60
23 63
23 64
23 65
23 66
23 67
23 68
23 69
23 70
23 72
23 73
23 74
23 78
23 79
23 80
23 81
23 82
23 83
23 84
23 85
23 86
23 87
23 88
23 89
23 90
23 92
23 93
23 94
23 95
23 97
23 98
23 99
24 25
24 26
24 27
24 28
24 29
24 30
24 31
24 32
24 33
24 35
24 36
24 37
24 38
24 40
24 41
24 42
24 43
24 44
24 45
24 46
24 47
24 48
24 49
24 50
24 51
24 52
24 53
24 54
24 55
24 56
24 57
24 59
24 60
24 61
24 62
24 63
24 64
24 65
24 66
24 67
24 68
24 70
24 71
24 72
24 73
24 74
24 75
24 76
24 77
24 78
24 80
24 82
24 83
24 84
24 85
24 86
24 87
24 88
24 90
24 91
24 92
24 93
24 95
24 96
24 97
24 98
24 99
25 26
25 29
25 30
25 35
25 38
25 40
25 41
25 43
25 44
25 49
25 51
25 57
25 59
25 61
25 64
25 65
25 66
25 68
25 69
25 71
25 73
25 74
25 75
25 88
25 91
25 95
25 97
26 43
26 46
26 53
26 62
26 65
26 66
26 67
26 70
26 89
26 94
26 98
27 32
27 33
27 39
27 41
27 42
27 43
27 44
27 46
27 54
27 55
27 58
27 59
27 65
27 66
27 69
27 70
27 75
27 77
27 86
27 88
27 91
27 93
27 94
27 95
27 99
28 31
28 33
28 35
28 36
28 38
28 39
28 41
28 42
28 45
28 46
28 47
28 48
28 50
28 51
28 54
28 55
28 57
28 58
28 59
28 63
28 68
28 69
28 71
28 76
28 77
28 79
28 83
28 84
28 85
28 86
28 87
28 91
28 93
28 97
28 98
28 99
29 58
29 61
29 63
29 66
29 81
29 92
29 98
30 31
30 32
30 33
30 35
30 36
30 37
30 38
30 39
30 41
30 42
30 43
30 44
30 45
30 48
30 51
30 52
30 54
30 55
30 56
30 59
30 63
30 64
30 65
30 66
30 68
30 71
30 72
30 75
30 76
30 79
30 83
30 84
30 86
30 87
30 89
30 91
30 94
30 95
30 98
31 32
31 33
31 34
31 36
31 39
31 40
31 41
31 42
31 43
31 44
31 45
31 46
31 47
31 48
31 50
31 52
31 53
31 54
31 55
31 56
31 59
31 60
31 61
31 62
31 65
31 66
31 69
31 71
31 73
31 74
31 77
31 78
31 79
31 81
31 82
31 84
31 85
31 87
31 88
31 90
31 91
31 94
31 95
31 96
31 99
32 33
32 34
32 36
32 38
32 39
32 40
32 41
32 43
32 44
32 47
32 49
32 50
32 51
32 53
32 54
32 55
32 56
32 58
32 60
32 61
32 62
32 64
32 66
32 67
32 69
32 70
32 71
32 75
32 80
32 81
32 82
32 85
32 86
32 87
32 88
32 89
32 90
32 91
32 92
32 93
32 94
32 96
32 98
33 43
33 81
34 42
34 52
34 56
34 57
34 63
34 64
34 67
34 68
34 73
34 90
35 42
35 43
35 46
35 49
35 50
35 56
35 79
35 85
35 86
35 92
35 97
36 41
36 42
36 49
36 53
36 55
36 57
36 59
36 62
36 68
36 70
36 72
36 75
36 76
36 77
36 83
36 85
36 91
36 92
36 95
36 96
36 98
36 99
37 38
37 39
37 40
37 42
37 43
37 44
37 45
37 48
37 49
37 50
37 51
37 52
37 53
37 54
37 55
37 56
37 57
37 58
37 59
37 60
37 61
37 62
37 63
37 64
37 65
37 67
37 68
37 69
37 70
37 71
37 72
37 73
37 75
37 76
37 77
37 78
37 79
37 80
37 82
37 83
37 85
37 86
37 87
37 88
37 89
37 90
37 91
37 92
37 93
37 94
37 95
37 96
37 97
37 98
37 99
38 44
38 47
38 48
38 50
38 52
38 54
38 55
38 56
38 57
38 58
38 59
38 61
38 62
38 64
38 65
38 66
38 68
38 69
38 73
38 77
38 83
38 84
38 88
38 89
38 90
38 92
38 96
38 99
39 43
39 50
39 54
39 59
39 66
39 84
39 88
39 90
39 91
39 93
40 41
40 42
40 43
40 44
40 47
40 49
40 50
40 52
40 53
40 54
40 55
40 56
40 58
40 59
40 60
40 61
40 62
40 64
40 65
40 66
40 67
40 68
40 69
40 71
40 72
40 73
40 74
40 75
40 76
40 77
40 78
40 79
40 80
40 82
40 83
40 84
40 85
40 86
40 87
40 88
40 89
40 92
40 93
40 94
40 95
40 96
40 97
40 98
40 99
41 42
41 44
41 48
41 51
41 52
41 60
41 80
41 83
41 88
41 99
42 48
42 52
42 59
42 61
42 65
42 66
42 68
42 72
42 73
42 77
42 78
42 81
42 84
42 87
42 88
42 89
42 90
42 92
42 93
42 94
42 96
42 99
43 46
43 49
43 50
43 52
43 53
43 55
43 57
43 58
43 59
43 60
43 64
43 65
43 67
43 68
43 69
43 70
43 71
43 72
43 76
43 77
43 80
43 81
43 82
43 83
43 88
43 89
43 90
43 92
43 95
43 96
44 45
44 46
44 47
44 48
44 49
44 50
44 51
44 52
44 53
44 54
44 55
44 56
44 57
44 58
44 59
44 60
44 61
44 62
44 63
44 64
44 65
44 66
44 67
44 68
44 69
44 72
44 74
44 75
44 77
44 79
44 80
44 81
44 82
44 84
44 85
44 86
44 87
44 88
44 90
44 92
44 93
44 96
44 97
44 98
45 50
45 51
45 52
45 53
45 54
45 55
45 56
45 57
45 61
45 62
45 64
45 67
45 68
45 70
45 73
45 74
45 75
45 76
45 79
45 80
45 82
45 85
45 87
45 89
45 92
45 94
45 95
45 96
45 98
45 99
46 48
46 49
46 50
46 51
46 53
46 54
46 55
46 56
46 57
46 59
46 60
46 61
46 62
46 63
46 66
46 68
46 70
46 71
46 72
46 73
46 74
46 75
46 76
46 77
46 78
46 84
46 85
46 86
46 87
46 89
46 90
46 91
46 92
46 95
46 96
46 97
46 99
47 48
47 49
47 50
47 52
47 54
47 55
47 56
47 58
47 61
47 62
47 66
47 67
47 74
47 77
47 79
47 80
47 82
47 87
47 88
47 92
47 93
47 94
47 98
48 49
48 50
48 52
48 53
48 54
48 55
48 56
48 57
48 58
48 59
48 62
48 64
48 65
48 67
48 68
48 69
48 70
48 71
48 73
48 74
48 75
48 78
48 79
48 80
48 81
48 83
48 85
48 86
48 87
48 89
48 90
48 96
48 97
48 98
48 99
49 50
49 51
49 52
49 53
49 54
49 56
49 61
49 62
49 64
49 65
49 66
49 67
49 68
49 69
49 70
49 71
49 72
49 73
49 74
49 79
49 80
49 81
49 82
49 83
49 84
49 85
49 87
49 89
49 91
49 92
49 93
49 95
50 51
50 52
50 53
50 55
50 57
50 58
50 59
50 61
50 62
50 64
50 65
50 66
50 68
50 69
50 70
50 74
50 76
50 77
50 78
50 79
50 80
50 81
50 84
50 87
50 88
50 89
50 90
50 92
50 93
50 94
50 95
50 96
50 97
50 99
51 52
51 54
51 66
51 75
51 76
51 85
52 55
52 56
52 59
52 60
52 61
52 65
52 66
52 67
52 70
52 71
52 77
52 78
52 81
52 84
52 87
52 88
52 89
52 90
52 92
52 93
52 96
52 97
52 98
53 54
53 58
53 59
53 60
53 61
53 62
53 66
53 67
53 69
53 72
53 73
53 74
53 75
53 78
53 79
53 80
53 81
53 82
53 84
53 85
53 86
53 87
53 89
53 90
53 91
53 92
53 93
53 97
53 98
53 99
54 55
54 56
54 57
54 58
54 59
54 60
54 61
54 62
54 63
54 64
54 65
54 66
54 67
54 68
54 69
54 70
54 71
54 72
54 73
54 74
54 75
54 76
54 77
54 78
54 79
54 80
54 81
54 82
54 83
54 84
54 85
54 86
54 87
54 88
54 89
54 90
54 91
54 92
54 93
54 94
54 95
54 96
54 97
54 98
54 99
55 56
55 57
55 58
55 59
55 60
55 61
55 62
55 63
55 64
55 65
55 67
55 68
55 69
55 70
55 71
55 72
55 73
55 74
55 76
55 77
55 78
55 79
55 80
55 81
55 82
55 83
55 85
55 86
55 87
55 88
55 89
55 90
55 91
55 92
55 93
55 94
55 95
55 96
55 97
55 98
56 59
56 60
56 61
56 64
56 67
56 68
56 69
56 70
56 71
56 72
56 73
56 74
56 77
56 78
56 80
56 81
56 84
56 86
56 87
56 88
56 89
56 90
56 91
56 95
56 96
56 98
56 99
57 59
57 61
57 62
57 66
57 67
57 72
57 77
57 78
57 79
57 82
57 83
57 87
57 90
57 91
57 92
57 93
57 94
57 96
57 98
58 59
58 65
58 66
58 67
58 68
58 73
58 76
58 78
58 79
58 82
58 87
58 88
58 89
58 91
58 94
58 96
58 97
58 98
59 62
59 63
59 64
59 66
59 67
59 69
59 70
59 72
59 73
59 75
59 76
59 77
59 79
59 82
59 84
59 85
59 86
59 87
59 88
59 89
59 90
59 91
59 92
59 94
59 95
59 96
59 97
59 99
60 61
60 62
60 63
60 66
60 68
60 69
60 70
60 72
60 73
60 74
60 75
60 76
60 78
60 80
60 81
60 82
60 84
60 85
60 86
60 89
60 90
60 92
60 95
60 96
60 97
60 98
60 99
61 63
61 64
61 66
61 68
61 69
61 70
61 71
61 72
61 73
61 74
61 75
61 76
61 79
61 80
61 81
61 82
61 83
61 84
61 86
61 87
61 88
61 89
61 90
61 91
61 92
61 93
61 94
61 96
61 97
61 98
61 99
62 72
62 75
62 80
62 87
63 64
63 65
63 66
63 67
63 68
63 69
63 70
63 71
63 72
63 73
63 74
63 75
63 76
63 77
63 78
63 79
63 80
63 81
63 82
63 83
63 84
63 85
63 86
63 87
63 88
63 89
63 90
63 91
63 92
63 93
63 94
63 95
63 96
63 97
63 98
63 99
64 65
64 66
64 67
64 68
64 69
64 70
64 71
64 72
64 73
64 74
64 75
64 77
64 78
64 79
64 80
64 83
64 84
64 85
64 86
64 87
64 88
64 90
64 91
64 92
64 94
64 95
64 96
64 97
64 98
65 66
65 69
65 72
65 75
65 76
65 83
65 85
65 87
65 89
65 91
65 93
65 99
66 67
66 68
66 69
66 70
66 71
66 72
66 76
66 77
66 78
66 80
66 84
66 85
66 86
66 87
66 88
66 89
66 91
66 93
66 95
66 97
66 99
67 72
67 73
67 74
67 76
67 78
67 79
67 81
67 82
67 84
67 85
67 86
67 88
67 89
67 92
67 93
67 94
67 96
67 97
67 99
68 70
68 77
68 78
68 79
68 85
68 86
68 88
68 93
68 94
68 98
69 80
69 95
70 71
70 73
70 74
70 75
70 77
70 81
70 87
70 89
70 92
70 95
71 98
72 73
72 74
72 75
72 77
72 78
72 80
72 81
72 82
72 83
72 85
72 86
72 87
72 88
72 91
72 92
72 93
72 94
72 95
72 97
72 98
72 99
73 75
73 77
73 80
73 93
73 95
73 96
74 82
74 92
74 93
74 94
75 76
75 77
75 78
75 79
75 80
75 81
75 82
75 83
75 84
75 85
75 86
75 87
75 88
75 89
75 90
75 91
75 92
75 93
75 94
75 95
75 96
75 98
75 99
76 77
76 78
76 79
76 80
76 83
76 84
76 86
76 87
76 89
76 94
76 95
76 96
76 98
76 99
77 79
77 80
77 84
77 85
77 86
77 87
77 89
77 90
77 91
77 92
77 96
77 98
78 80
78 81
78 82
78 83
78 84
78 85
78 86
78 87
78 89
78 91
78 92
78 95
78 96
78 98
78 99
79 81
79 83
79 89
79 98
79 99
80 86
80 89
80 93
80 95
80 99
81 83
81 84
81 85
81 86
81 87
81 88
81 89
81 90
81 91
81 92
81 93
81 94
81 95
81 96
81 97
81 98
82 87
82 92
82 97
82 98
83 84
83 85
83 89
83 91
83 93
83 94
83 98
84 85
84 86
84 87
84 88
84 89
84 90
84 91
84 92
84 93
84 94
84 95
84 96
84 97
84 98
84 99
85 86
85 87
85 88
85 89
85 90
85 91
85 92
85 93
85 94
85 96
85 97
85 98
85 99
86 89
86 93
86 97
87 89
87 90
87 92
87 94
87 95
87 97
87 98
87 99
88 89
88 90
88 91
88 93
88 94
88 95
88 96
88 97
88 98
89 94
90 93
90 94
90 95
90 98
91 92
92 94
92 96
92 97
92 98
93 94
93 95
93 96
93 97
93 99
94 95
94 96
94 98
94 99
95 98
96 97
96 99
97 98
97 99
98 99
