0 1
0 3
0 4
0 6
0 7
0 8
0 10
0 12
0 13
0 14
0 15
0 16
0 18
0 19
0 20
0 22
0 23
0 25
0 27
0 28
0 29
0 30
0 31
0 33
0 34
0 35
0 36
0 38
0 39
0 40
0 41
0 43
0 44
0 46
0 47
0 48
0 49
0 50
0 52
0 53
0 56
0 57
0 58
0 59
0 60
0 61
0 64
0 65
0 67
0 68
0 71
0 72
0 73
0 74
0 76
0 77
0 80
0 81
0 82
0 83
0 84
0 85
0 88
0 89
0 90
0 92
0 93
0 94
0 95
0 96
0 97
0 98
0 99
1 3
1 4
1 10
1 13
1 25
1 27
1 29
1 31
1 37
1 40
1 42
1 45
1 52
1 55
1 62
1 72
1 76
1 77
1 78
1 80
1 82
1 84
1 87
1 88
1 91
1 92
1 93
1 95
1 99
2 40
2 42
2 72
3 4
3 5
3 6
3 7
3 8
3 9
3 10
3 12
3 14
3 16
3 17
3 18
3 20
3 21
3 23
3 24
3 25
3 26
3 27
3 28
3 29
3 30
3 32
3 33
3 34
3 35
3 36
3 37
3 39
3 40
3 41
3 42
3 43
3 44
3 45
3 46
3 48
3 49
3 50
3 51
3 52
3 53
3 54
3 55
3 57
3 58
3 59
3 60
3 61
3 62
3 63
3 64
3 66
3 67
3 69
3 70
3 71
3 72
3 74
3 75
3 77
3 78
3 79
3 80
3 81
3 82
3 83
3 84
3 85
3 86
3 87
3 88
3 90
3 91
3 92
3 93
3 96
3 98
3 99
4 10
4 11
4 12
4 20
4 23
4 24
4 26
4 36
4 43
4 45
4 46
4 49
4 55
4 71
4 74
4 79
4 86
4 91
4 94
4 95
4 99
5 13
5 15
5 25
5 26
5 46
5 86
5 88
5 91
5 96
6 7
6 8
6 9
6 10
6 12
6 15
6 16
6 17
6 18
6 19
6 20
6 21
6 23
6 27
6 29
6 31
6 33
6 34
6 35
6 36
6 37
6 38
6 39
6 40
6 41
6 42
6 43
6 44
6 46
6 47
6 48
6 51
6 52
6 54
6 55
6 57
6 58
6 59
6 60
6 61
6 62
6 63
6 64
6 65
6 66
6 67
6 69
6 70
6 71
6 72
6 73
6 74
6 75
6 76
6 77
6 78
6 80
6 81
6 83
6 84
6 85
6 87
6 88
6 91
6 92
6 94
6 96
6 97
6 99
7 8
7 9
7 10
7 11
7 12
7 13
7 15
7 16
7 18
7 19
7 20
7 21
7 22
7 24
7 25
7 26
7 27
7 28
7 29
7 30
7 31
7 32
7 33
7 34
7 35
7 36
7 37
7 38
7 39
7 40
7 41
7 42
7 43
7 45
7 46
7 47
7 49
7 50
7 51
7 52
7 53
7 54
7 55
7 58
7 61
7 62
7 63
7 64
7 65
7 66
7 67
7 68
7 69
7 70
7 71
7 72
7 73
7 74
7 75
7 76
7 77
7 78
7 79
7 80
7 81
7 82
7 84
7 85
7 86
7 88
7 90
7 91
7 92
7 93
7 94
7 95
7 96
7 97
7 98
7 99
8 9
8 10
8 11
8 19
8 21
8 23
8 24
8 25
8 26
8 28
8 29
8 30
8 31
8 32
8 33
8 34
8 44
8 45
8 46
8 47
8 51
8 54
8 56
8 57
8 58
8 59
8 60
8 63
8 66
8 67
8 68
8 69
8 71
8 74
8 76
8 77
8 78
8 80
8 81
8 84
8 85
8 86
8 90
8 93
8 94
8 95
8 98
9 11
9 17
9 21
9 39
9 40
9 46
9 50
9 53
9 57
9 58
9 59
9 62
9 63
9 65
9 66
9 68
9 84
9 88
9 90
9 91
9 95
9 96
9 97
10 12
10 13
10 15
10 16
10 17
10 18
10 19
10 20
10 21
10 22
10 23
10 24
10 25
10 26
10 27
10 28
10 29
10 30
10 31
10 33
10 34
10 36
10 37
10 38
10 39
10 40
10 41
10 42
10 43
10 44
10 45
10 46
10 47
10 48
10 49
10 52
10 53
10 54
10 55
10 56
10 57
10 58
10 60
10 61
10 62
10 63
10 64
10 65
10 66
10 68
10 69
10 70
10 71
10 72
10 73
10 74
10 75
10 76
10 77
10 79
10 80
10 82
10 84
10 85
10 86
10 87
10 88
10 89
10 90
10 91
10 92
10 93
10 94
10 96
10 98
10 99
11 12
11 14
11 16
11 19
11 20
11 22
11 23
11 24
11 26
11 27
11 28
11 29
11 30
11 33
11 34
11 35
11 38
11 39
11 40
11 41
11 43
11 44
11 45
11 46
11 48
11 49
11 51
11 52
11 53
11 54
11 56
11 57
11 58
11 59
11 65
11 69
11 70
11 71
11 73
11 74
11 76
11 77
11 78
11 83
11 87
11 91
11 92
11 93
11 96
11 97
12 16
12 21
12 23
12 26
12 29
12 31
12 32
12 43
12 44
12 46
12 52
12 54
12 58
12 64
12 68
12 69
12 77
12 80
12 84
12 95
12 97
13 14
13 15
13 16
13 17
13 18
13 20
13 21
13 22
13 23
13 24
13 25
13 26
13 27
13 28
13 29
13 31
13 32
13 33
13 34
13 35
13 36
13 37
13 38
13 39
13 40
13 41
13 42
13 43
13 44
13 45
13 47
13 48
13 49
13 50
13 51
13 52
13 53
13 54
13 55
13 56
13 57
13 58
13 59
13 60
13 61
13 62
13 63
13 64
13 65
13 66
13 67
13 68
13 69
13 71
13 72
13 73
13 74
13 75
13 76
13 77
13 78
13 79
13 80
13 81
13 82
13 84
13 85
13 86
13 87
13 88
13 89
13 90
13 91
13 94
13 95
13 96
13 97
13 99
14 16
14 18
14 19
14 20
14 21
14 24
14 27
14 28
14 29
14 32
14 34
14 35
14 36
14 37
14 40
14 41
14 42
14 45
14 46
14 47
14 48
14 49
14 51
14 52
14 54
14 55
14 56
14 58
14 59
14 60
14 63
14 64
14 65
14 67
14 68
14 69
14 71
14 78
14 82
14 84
14 85
14 86
14 87
14 89
14 91
14 98
15 19
15 24
15 25
15 32
15 38
15 46
15 49
15 52
15 56
15 68
15 69
15 75
15 85
16 18
16 38
16 44
16 50
16 58
16 60
16 84
16 86
16 92
17 25
17 29
17 35
17 37
17 50
17 56
17 73
17 74
17 77
17 83
17 86
17 88
17 95
18 20
18 30
18 31
18 32
18 33
18 34
18 36
18 37
18 39
18 48
18 53
18 57
18 60
18 61
18 62
18 65
18 67
18 70
18 73
18 75
18 82
18 84
18 90
18 91
18 96
18 98
19 20
19 23
19 25
19 27
19 29
19 32
19 37
19 44
19 50
19 63
19 65
19 67
19 75
19 81
19 89
19 95
19 97
19 98
20 22
20 37
20 41
20 42
20 44
20 47
20 53
20 63
20 73
20 81
20 82
20 83
20 86
20 89
20 96
21 22
21 23
21 24
21 28
21 29
21 31
21 32
21 33
21 34
21 36
21 37
21 38
21 40
21 41
21 42
21 43
21 44
21 45
21 46
21 47
21 48
21 49
21 50
21 52
21 53
21 54
21 55
21 56
21 57
21 58
21 59
21 60
21 61
21 62
21 63
21 64
21 65
21 66
21 67
21 68
21 69
21 72
21 73
21 74
21 75
21 76
21 77
21 78
21 79
21 80
21 81
21 82
21 83
21 84
21 85
21 86
21 87
21 88
21 89
21 90
21 91
21 92
21 93
21 94
21 95
21 96
21 97
21 98
21 99
22 82
22 86
22 94
23 61
23 67
23 68
24 54
24 72
24 86
24 93
24 98
25 26
25 28
25 29
25 31
25 32
25 33
25 34
25 36
25 37
25 39
25 41
25 42
25 44
25 45
25 47
25 48
25 52
25 54
25 55
25 57
25 59
25 61
25 62
25 64
25 65
25 67
25 68
25 70
25 71
25 74
25 75
25 78
25 79
25 83
25 84
25 85
25 87
25 88
25 90
25 94
25 96
25 97
25 99
26 27
26 28
26 32
26 38
26 40
26 42
26 44
26 47
26 50
26 54
26 56
26 60
26 61
26 64
26 65
26 66
26 67
26 76
26 80
26 84
26 86
26 88
26 93
26 95
26 97
26 98
27 28
27 30
27 41
27 42
27 43
27 46
27 48
27 49
27 52
27 60
27 61
27 64
27 66
27 80
27 86
27 88
27 92
28 29
28 30
28 32
28 33
28 35
28 36
28 38
28 39
28 40
28 41
28 43
28 45
28 46
28 49
28 50
28 52
28 53
28 54
28 55
28 56
28 58
28 59
28 60
28 61
28 65
28 68
28 69
28 71
28 72
28 73
28 74
28 75
28 78
28 79
28 83
28 84
28 86
28 87
28 88
28 89
28 90
28 91
28 93
28 95
28 96
28 98
28 99
29 30
29 31
29 33
29 34
29 36
29 39
29 40
29 44
29 46
29 47
29 52
29 54
29 56
29 57
29 58
29 60
29 65
29 66
29 67
29 74
29 76
29 77
29 78
29 79
29 80
29 85
29 86
29 91
29 95
29 96
29 98
29 99
30 33
30 34
30 39
30 40
30 41
30 44
30 45
30 46
30 47
30 48
30 49
30 50
30 59
30 62
30 69
30 73
30 75
30 80
30 83
30 85
30 86
30 87
30 95
30 96
31 36
31 40
31 52
31 60
31 62
31 63
31 66
31 68
31 76
31 81
31 86
31 89
31 91
31 92
31 94
31 95
31 97
31 98
32 33
32 34
32 35
32 36
32 37
32 38
32 39
32 41
32 42
32 43
32 44
32 45
32 46
32 47
32 48
32 49
32 50
32 51
32 52
32 53
32 54
32 55
32 57
32 58
32 60
32 61
32 62
32 63
32 64
32 67
32 68
32 69
32 71
32 72
32 73
32 74
32 75
32 76
32 78
32 79
32 81
32 82
32 83
32 84
32 85
32 87
32 88
32 89
32 90
32 91
32 92
32 93
32 94
32 95
32 97
32 98
32 99
33 35
33 36
33 37
33 40
33 41
33 42
33 45
33 47
33 49
33 50
33 54
33 55
33 60
33 62
33 63
33 64
33 67
33 70
33 71
33 73
33 75
33 76
33 77
33 78
33 79
33 80
33 82
33 83
33 85
33 86
33 89
33 92
33 93
33 95
33 96
33 97
33 99
34 35
34 37
34 39
34 40
34 42
34 45
34 47
34 51
34 52
34 53
34 55
34 57
34 60
34 61
34 63
34 65
34 66
34 67
34 69
34 70
34 72
34 73
34 74
34 76
34 77
34 78
34 79
34 82
34 84
34 85
34 87
34 88
34 90
34 95
35 36
35 38
35 39
35 41
35 42
35 43
35 44
35 45
35 49
35 50
35 51
35 53
35 54
35 55
35 56
35 57
35 58
35 62
35 66
35 68
35 69
35 71
35 72
35 73
35 76
35 78
35 79
35 80
35 81
35 82
35 85
35 86
35 87
35 88
35 89
35 90
35 91
35 93
35 94
35 95
35 97
35 99
36 37
36 43
36 51
36 55
36 65
36 79
36 90
36 93
36 97
37 43
37 48
37 50
37 56
37 60
37 62
37 71
37 73
37 81
37 86
37 95
38 39
38 40
38 41
38 44
38 45
38 46
38 50
38 52
38 53
38 54
38 55
38 57
38 63
38 64
38 66
38 67
38 70
38 71
38 73
38 74
38 75
38 77
38 78
38 79
38 80
38 81
38 86
38 87
38 88
38 89
38 91
38 92
38 94
38 96
38 97
38 99
39 40
39 43
39 44
39 47
39 48
39 49
39 51
39 52
39 53
39 56
39 59
39 60
39 61
39 62
39 65
39 66
39 67
39 68
39 69
39 70
39 74
39 75
39 78
39 81
39 82
39 83
39 84
39 85
39 86
39 87
39 88
39 89
39 90
39 91
39 92
39 95
39 96
39 98
39 99
40 58
40 72
40 78
41 42
41 43
41 45
41 46
41 47
41 48
41 49
41 50
41 51
41 53
41 55
41 56
41 57
41 58
41 60
41 61
41 62
41 63
41 64
41 65
41 66
41 68
41 69
41 70
41 72
41 74
41 75
41 76
41 78
41 80
41 81
41 82
41 83
41 84
41 85
41 87
41 88
41 89
41 90
41 91
41 92
41 93
41 94
41 95
41 96
41 97
41 98
41 99
42 43
42 44
42 45
42 46
42 47
42 48
42 49
42 50
42 51
42 52
42 53
42 54
42 55
42 56
42 57
42 58
42 59
42 60
42 61
42 62
42 63
42 64
42 65
42 66
42 67
42 68
42 69
42 70
42 71
42 72
42 73
42 74
42 75
42 76
42 77
42 78
42 79
42 80
42 81
42 82
42 83
42 84
42 85
42 86
42 87
42 88
42 89
42 90
42 91
42 92
42 93
42 94
42 95
42 96
42 97
42 98
42 99
43 44
43 45
43 46
43 47
43 48
43 49
43 50
43 51
43 52
43 53
43 54
43 55
43 56
43 57
43 58
43 60
43 61
43 62
43 63
43 64
43 66
43 67
43 68
43 69
43 70
43 71
43 72
43 73
43 74
43 75
43 77
43 78
43 79
43 80
43 81
43 82
43 83
43 84
43 85
43 86
43 87
43 89
43 91
43 92
43 93
43 94
43 96
43 97
43 98
43 99
44 45
44 46
44 47
44 48
44 49
44 51
44 52
44 54
44 55
44 57
44 58
44 59
44 60
44 61
44 62
44 63
44 64
44 67
44 68
44 69
44 72
44 73
44 74
44 77
44 78
44 79
44 80
44 83
44 84
44 85
44 86
44 87
44 89
44 90
44 91
44 92
44 93
44 94
44 95
44 96
45 49
45 50
45 54
45 61
45 63
45 82
45 84
46 77
46 93
47 58
48 55
48 71
48 80
48 89
48 95
48 97
49 53
49 56
49 59
49 65
49 68
49 70
49 71
49 72
49 73
49 75
49 79
49 81
49 82
49 83
49 84
49 85
49 88
49 90
49 91
49 93
49 94
49 95
49 97
49 99
50 51
50 52
50 53
50 54
50 55
50 56
50 57
50 58
50 59
50 60
50 61
50 62
50 63
50 64
50 65
50 66
50 67
50 68
50 69
50 70
50 71
50 72
50 73
50 74
50 75
50 76
50 77
50 78
50 79
50 80
50 81
50 82
50 83
50 84
50 85
50 86
50 87
50 88
50 89
50 90
50 91
50 92
50 93
50 94
50 95
50 96
50 97
50 98
50 99
51 52
51 53
51 54
51 55
51 56
51 57
51 58
51 59
51 60
51 61
51 62
51 63
51 64
51 65
51 66
51 67
51 68
51 69
51 71
51 72
51 73
51 74
51 75
51 76
51 77
51 78
51 79
51 80
51 81
51 82
51 83
51 84
51 85
51 86
51 88
51 89
51 90
51 91
51 92
51 93
51 94
51 95
51 96
51 97
51 98
51 99
52 54
52 59
52 61
52 62
52 65
52 67
52 72
52 76
52 78
52 81
52 83
52 86
52 91
52 92
52 93
52 95
52 97
53 54
53 56
53 58
53 60
53 62
53 63
53 64
53 65
53 66
53 68
53 69
53 70
53 71
53 72
53 73
53 74
53 75
53 76
53 77
53 78
53 79
53 80
53 81
53 83
53 85
53 86
53 87
53 88
53 89
53 90
53 91
53 92
53 93
53 94
53 95
53 96
53 97
53 98
53 99
54 55
54 56
54 57
54 59
54 60
54 62
54 63
54 64
54 67
54 68
54 69
54 71
54 72
54 73
54 74
54 75
54 76
54 77
54 78
54 79
54 80
54 81
54 82
54 83
54 84
54 85
54 86
54 87
54 89
54 90
54 91
54 92
54 93
54 94
54 95
54 97
54 98
55 57
55 58
55 63
55 66
55 67
55 68
55 79
55 83
55 86
55 88
55 91
55 92
55 95
55 96
55 97
55 98
56 57
56 58
56 59
56 60
56 61
56 62
56 64
56 65
56 67
56 68
56 69
56 70
56 71
56 72
56 73
56 74
56 76
56 77
56 78
56 79
56 80
56 81
56 82
56 83
56 84
56 85
56 86
56 87
56 88
56 89
56 90
56 91
56 92
56 93
56 94
56 95
56 96
56 97
56 98
56 99
57 58
57 59
57 60
57 62
57 66
57 68
57 69
57 73
57 74
57 76
57 78
57 79
57 80
57 85
57 86
57 89
57 90
57 91
57 94
57 96
57 98
58 64
58 76
58 78
58 81
59 78
59 97
60 61
60 64
60 65
60 67
60 71
60 72
60 80
60 81
60 84
60 86
60 90
60 96
60 97
60 98
61 62
61 63
61 64
61 65
61 66
61 67
61 68
61 69
61 70
61 71
61 72
61 73
61 74
61 75
61 76
61 77
61 78
61 79
61 80
61 81
61 82
61 84
61 85
61 89
61 90
61 92
61 93
61 94
61 95
61 96
61 97
61 98
61 99
62 64
62 65
62 67
62 69
62 73
62 81
62 82
62 85
62 86
62 87
62 89
62 94
63 64
63 65
63 66
63 67
63 68
63 69
63 70
63 71
63 72
63 73
63 75
63 76
63 77
63 79
63 80
63 82
63 83
63 84
63 85
63 86
63 88
63 89
63 90
63 91
63 92
63 93
63 94
63 95
63 96
63 97
63 98
63 99
64 65
64 66
64 68
64 71
64 72
64 75
64 76
64 77
64 78
64 79
64 80
64 81
64 83
64 84
64 85
64 89
64 90
64 91
64 92
64 93
64 94
64 96
64 98
64 99
65 66
65 68
65 69
65 72
65 73
65 74
65 75
65 77
65 80
65 81
65 83
65 84
65 85
65 86
65 87
65 89
65 90
65 91
65 92
65 93
65 94
65 95
65 96
65 98
66 69
66 70
66 72
66 75
66 76
66 79
66 84
66 87
66 89
66 90
66 92
66 98
67 68
67 69
67 70
67 72
67 73
67 74
67 75
67 77
67 78
67 79
67 81
67 83
67 85
67 87
67 92
67 94
67 95
67 96
67 97
67 99
68 70
68 71
68 80
68 93
68 97
69 70
69 71
69 72
69 73
69 74
69 75
69 76
69 78
69 80
69 81
69 83
69 84
69 85
69 86
69 87
69 89
69 90
69 91
69 92
69 93
69 94
69 95
69 96
69 97
70 78
70 96
70 97
71 72
71 77
71 78
71 83
71 85
71 88
71 93
71 99
72 76
72 81
72 83
72 86
72 87
72 88
72 90
72 93
72 96
72 98
72 99
73 75
73 76
73 80
73 88
73 91
73 95
73 96
73 98
74 76
74 79
74 80
74 81
74 85
74 87
74 88
74 89
74 91
74 92
74 95
74 96
74 97
74 98
75 77
75 78
75 85
75 88
75 89
75 93
75 95
75 97
76 77
76 78
76 80
76 81
76 82
76 86
76 90
76 94
76 95
77 78
77 79
77 91
77 92
78 84
78 85
78 86
78 88
78 90
78 91
78 92
78 94
78 97
78 98
79 80
79 85
79 86
79 87
79 88
79 89
79 90
79 92
79 93
79 94
79 95
79 96
79 97
79 99
80 81
80 82
80 83
80 84
80 86
80 87
80 89
80 91
80 92
80 93
80 94
80 95
80 96
80 98
80 99
81 82
81 83
81 85
81 88
81 89
81 91
81 94
81 95
81 97
82 83
82 84
82 85
82 86
82 87
82 88
82 89
82 90
82 91
82 92
82 93
82 94
82 95
82 96
82 97
82 98
82 99
83 85
83 87
83 88
83 95
84 85
84 86
84 87
84 88
84 89
84 90
84 91
84 92
84 94
84 95
84 96
84 97
84 98
84 99
85 86
85 87
85 88
85 89
85 90
85 91
85 92
85 93
85 94
85 95
85 96
85 97
85 98
85 99
86 88
86 89
86 90
86 92
86 93
86 94
86 95
86 98
87 88
87 89
87 90
87 91
87 92
87 93
87 94
87 95
87 96
87 97
87 98
87 99
88 89
88 90
88 92
88 95
88 96
88 97
88 98
88 99
89 93
89 95
89 96
90 92
91 92
91 93
91 94
91 95
91 96
91 97
91 98
91 99
92 94
92 98
92 99
93 95
93 96
93 99
94 95
94 96
94 98
94 99
95 96
95 97
95 98
95 99
96 97
96 99
97 98
98 99
