0 7
0 30
0 32
0 35
0 40
0 43
0 48
0 54
0 70
0 75
0 81
0 94
1 2
1 3
1 4
1 5
1 7
1 8
1 12
1 13
1 14
1 15
1 16
1 17
1 19
1 21
1 25
1 26
1 31
1 33
1 35
1 36
1 37
1 38
1 41
1 42
1 43
1 48
1 49
1 50
1 53
1 54
1 56
1 57
1 60
1 61
1 62
1 63
1 65
1 66
1 67
1 68
1 71
1 74
1 76
1 78
1 79
1 82
1 83
1 84
1 85
1 86
1 90
1 93
1 96
2 6
2 7
2 8
2 9
2 10
2 14
2 15
2 17
2 23
2 24
2 28
2 29
2 32
2 33
2 34
2 35
2 36
2 37
2 39
2 40
2 43
2 45
2 46
2 50
2 51
2 52
2 53
2 54
2 58
2 59
2 62
2 63
2 65
2 68
2 69
2 71
2 72
2 73
2 75
2 76
2 78
2 80
2 83
2 91
2 92
2 93
2 95
2 96
2 97
2 98
3 4
3 8
3 9
3 10
3 13
3 14
3 15
3 17
3 18
3 20
3 21
3 22
3 23
3 24
3 25
3 26
3 29
3 34
3 35
3 36
3 37
3 38
3 39
3 41
3 42
3 44
3 45
3 48
3 51
3 52
3 53
3 54
3 55
3 56
3 57
3 58
3 59
3 60
3 61
3 62
3 63
3 65
3 68
3 69
3 70
3 71
3 74
3 75
3 77
3 78
3 79
3 82
3 84
3 86
3 87
3 89
3 90
3 91
3 92
3 93
3 95
3 96
3 97
4 5
4 6
4 7
4 8
4 9
4 10
4 11
4 12
4 13
4 14
4 15
4 16
4 17
4 18
4 19
4 20
4 21
4 22
4 23
4 24
4 25
4 26
4 27
4 28
4 29
4 30
4 31
4 32
4 33
4 34
4 35
4 36
4 37
4 38
4 39
4 40
4 41
4 42
4 43
4 44
4 45
4 46
4 47
4 48
4 49
4 50
4 51
4 52
4 53
4 54
4 55
4 56
4 57
4 58
4 59
4 60
4 62
4 63
4 64
4 65
4 66
4 67
4 68
4 69
4 70
4 71
4 72
4 73
4 74
4 75
4 76
4 77
4 78
4 79
4 80
4 81
4 82
4 83
4 84
4 85
4 86
4 87
4 88
4 89
4 90
4 91
4 92
4 93
4 94
4 95
4 96
4 97
4 98
4 99
5 6
5 8
5 9
5 11
5 12
5 17
5 18
5 21
5 22
5 28
5 29
5 31
5 32
5 33
5 38
5 41
5 42
5 43
5 45
5 49
5 51
5 53
5 58
5 59
5 60
5 62
5 63
5 71
5 80
5 83
5 84
5 85
5 87
5 88
5 92
5 95
5 98
5 99
6 7
6 8
6 9
6 10
6 12
6 13
6 15
6 16
6 17
6 18
6 19
6 20
6 21
6 22
6 23
6 25
6 26
6 27
6 28
6 29
6 30
6 31
6 32
6 33
6 34
6 35
6 36
6 37
6 38
6 39
6 40
6 41
6 42
6 43
6 44
6 45
6 46
6 47
6 48
6 52
6 53
6 54
6 55
6 56
6 57
6 58
6 59
6 60
6 61
6 62
6 63
6 65
6 66
6 67
6 68
6 69
6 70
6 71
6 72
6 73
6 74
6 75
6 76
6 78
6 79
6 80
6 81
6 82
6 83
6 84
6 85
6 87
6 88
6 89
6 90
6 91
6 92
6 93
6 94
6 95
6 96
6 97
6 98
6 99
7 8
7 12
7 16
7 18
7 20
7 22
7 23
7 24
7 27
7 34
7 36
7 39
7 53
7 55
7 56
7 57
7 59
7 60
7 61
7 63
7 64
7 66
7 67
7 69
7 72
7 75
7 76
7 81
7 85
7 86
7 91
7 92
7 93
7 94
8 9
8 10
8 11
8 12
8 13
8 14
8 15
8 16
8 17
8 18
8 19
8 20
8 22
8 25
8 26
8 27
8 28
8 29
8 30
8 31
8 32
8 33
8 34
8 35
8 36
8 37
8 38
8 39
8 40
8 41
8 42
8 43
8 44
8 45
8 46
8 48
8 50
8 51
8 54
8 55
8 56
8 57
8 58
8 59
8 60
8 61
8 64
8 66
8 67
8 68
8 69
8 70
8 71
8 72
8 73
8 74
8 75
8 76
8 77
8 78
8 79
8 80
8 81
8 82
8 83
8 84
8 85
8 87
8 88
8 89
8 90
8 91
8 92
8 93
8 94
8 95
8 96
8 97
8 98
8 99
9 10
9 15
9 22
9 24
9 29
9 30
9 34
9 35
9 37
9 38
9 41
9 43
9 45
9 48
9 49
9 52
9 56
9 59
9 63
9 66
9 67
9 69
9 70
9 77
9 79
9 83
9 85
9 88
9 92
9 93
9 95
10 11
10 12
10 15
10 18
10 24
10 27
10 29
10 30
10 31
10 32
10 35
10 36
10 38
10 39
10 41
10 44
10 45
10 46
10 51
10 55
10 56
10 59
10 60
10 62
10 63
10 67
10 68
10 71
10 73
10 77
10 78
10 79
10 81
10 82
10 85
10 87
10 89
10 95
10 99
11 14
11 33
11 37
11 43
11 45
11 61
11 64
11 71
11 72
11 75
11 78
11 86
11 94
11 97
12 14
12 16
12 18
12 19
12 22
12 23
12 24
12 25
12 31
12 32
12 34
12 36
12 38
12 39
12 40
12 42
12 43
12 44
12 45
12 46
12 47
12 49
12 50
12 52
12 53
12 54
12 58
12 59
12 61
12 62
12 63
12 65
12 66
12 68
12 69
12 70
12 71
12 72
12 73
12 75
12 76
12 77
12 78
12 79
12 80
12 81
12 82
12 84
12 85
12 86
12 87
12 88
12 89
12 92
12 93
12 98
12 99
13 14
13 15
13 16
13 17
13 18
13 20
13 22
13 26
13 28
13 29
13 30
13 32
13 33
13 34
13 35
13 36
13 37
13 38
13 39
13 40
13 41
13 48
13 49
13 50
13 51
13 52
13 54
13 57
13 58
13 59
13 60
13 61
13 65
13 67
13 69
13 70
13 72
13 76
13 78
13 79
13 80
13 81
13 82
13 83
13 85
13 86
13 87
13 89
13 91
13 92
13 93
13 94
13 95
13 96
13 97
14 15
14 16
14 17
14 18
14 20
14 22
14 25
14 26
14 28
14 30
14 31
14 32
14 33
14 34
14 36
14 37
14 38
14 39
14 40
14 41
14 42
14 43
14 44
14 45
14 46
14 47
14 48
14 49
14 50
14 51
14 53
14 54
14 55
14 56
14 57
14 58
14 59
14 60
14 61
14 63
14 64
14 65
14 67
14 68
14 71
14 72
14 73
14 74
14 75
14 76
14 77
14 79
14 80
14 81
14 82
14 83
14 84
14 85
14 86
14 88
14 89
14 90
14 91
14 92
14 93
14 94
14 95
14 97
14 98
14 99
15 65
15 73
15 75
15 81
15 94
16 17
16 18
16 19
16 21
16 22
16 23
16 25
16 26
16 27
16 28
16 29
16 30
16 31
16 32
16 33
16 34
16 35
16 36
16 37
16 38
16 39
16 40
16 41
16 42
16 43
16 44
16 45
16 46
16 47
16 48
16 49
16 52
16 53
16 54
16 55
16 56
16 57
16 58
16 59
16 60
16 61
16 62
16 63
16 64
16 65
16 66
16 67
16 68
16 69
16 70
16 71
16 72
16 73
16 74
16 75
16 76
16 77
16 78
16 79
16 80
16 81
16 82
16 83
16 84
16 85
16 86
16 87
16 88
16 89
16 90
16 91
16 92
16 93
16 94
16 95
16 96
16 97
16 98
16 99
17 19
17 20
17 35
17 37
17 39
17 41
17 42
17 51
17 54
17 57
17 58
17 63
17 66
17 70
17 71
17 76
17 79
17 83
17 91
17 93
17 96
17 97
17 98
17 99
18 19
18 37
18 38
18 66
18 70
18 71
18 73
18 75
18 87
19 21
19 22
19 26
19 27
19 28
19 29
19 30
19 33
19 34
19 36
19 42
19 43
19 44
19 45
19 52
19 57
19 59
19 60
19 62
19 67
19 68
19 69
19 70
19 71
19 72
19 79
19 80
19 87
19 89
19 94
20 21
20 22
20 23
20 24
20 25
20 26
20 28
20 29
20 30
20 31
20 32
20 34
20 35
20 36
20 37
20 38
20 39
20 40
20 41
20 42
20 43
20 44
20 45
20 46
20 47
20 48
20 49
20 50
20 51
20 52
20 55
20 56
20 57
20 58
20 59
20 60
20 61
20 62
20 63
20 65
20 66
20 67
20 68
20 69
20 70
20 71
20 72
20 73
20 74
20 76
20 77
20 78
20 79
20 80
20 81
20 82
20 83
20 84
20 85
20 86
20 87
20 88
20 89
20 90
20 91
20 92
20 93
20 94
20 95
20 96
20 99
21 32
21 41
21 89
22 24
22 25
22 27
22 29
22 33
22 34
22 37
22 38
22 40
22 47
22 49
22 51
22 52
22 57
22 60
22 64
22 65
22 73
22 74
22 76
22 80
22 86
22 88
22 91
22 95
23 24
23 25
23 26
23 29
23 30
23 31
23 32
23 33
23 35
23 37
23 38
23 39
23 40
23 41
23 42
23 43
23 46
23 47
23 48
23 49
23 51
23 52
23 53
23 54
23 55
23 56
23 57
23 58
23 59
23 60
23 62
23 63
23 64
23 65
23 66
23 67
23 68
23 69
23 70
23 71
23 73
23 75
23 76
23 77
23 79
23 80
23 81
23 82
23 84
23 85
23 86
23 87
23 88
23 89
23 91
23 92
23 93
23 94
23 95
23 96
23 97
23 98
23 99
24 25
24 26
24 27
24 28
24 29
24 30
24 31
24 32
24 33
24 34
24 35
24 36
24 37
24 38
24 39
24 40
24 41
24 42
24 43
24 44
24 45
24 46
24 47
24 48
24 49
24 50
24 51
24 52
24 53
24 54
24 55
24 56
24 57
24 58
24 59
24 60
24 61
24 62
24 63
24 64
24 65
24 66
24 67
24 68
24 69
24 70
24 71
24 72
24 73
24 74
24 75
24 76
24 77
24 78
24 79
24 80
24 81
24 82
24 83
24 84
24 85
24 86
24 87
24 88
24 89
24 90
24 91
24 92
24 93
24 94
24 95
24 96
24 97
24 98
24 99
25 28
25 31
25 37
25 46
25 48
25 58
25 61
25 63
25 64
25 71
25 72
25 74
25 76
25 80
25 84
25 92
25 94
25 97
26 38
26 60
26 87
26 90
27 30
27 31
27 32
27 38
27 42
27 43
27 44
27 48
27 50
27 51
27 52
27 53
27 57
27 58
27 59
27 60
27 62
27 64
27 65
27 67
27 68
27 69
27 72
27 77
27 78
27 83
27 84
27 85
27 88
27 89
27 90
27 92
27 93
27 94
27 95
27 96
27 97
27 98
28 30
28 31
28 35
28 36
28 37
28 38
28 39
28 41
28 43
28 44
28 45
28 47
28 51
28 53
28 57
28 59
28 61
28 64
28 66
28 68
28 69
28 71
28 72
28 73
28 75
28 76
28 78
28 79
28 80
28 81
28 82
28 83
28 85
28 86
28 88
28 89
28 90
28 91
28 92
28 95
28 97
29 59
29 63
29 77
29 81
30 33
30 34
30 36
30 38
30 42
30 46
30 49
30 53
30 58
30 64
30 65
30 72
30 76
30 78
30 79
30 80
30 81
30 82
30 89
30 91
30 92
30 96
30 99
31 32
31 37
31 44
31 46
31 48
31 50
31 51
31 52
31 55
31 56
31 57
31 62
31 64
31 65
31 70
31 74
31 80
31 89
31 94
31 96
32 61
32 74
33 35
33 36
33 37
33 39
33 41
33 42
33 43
33 44
33 45
33 46
33 47
33 48
33 49
33 50
33 51
33 52
33 53
33 54
33 55
33 56
33 57
33 58
33 60
33 62
33 63
33 64
33 65
33 66
33 67
33 69
33 70
33 71
33 72
33 73
33 74
33 75
33 76
33 77
33 78
33 79
33 80
33 81
33 82
33 83
33 84
33 85
33 86
33 87
33 88
33 89
33 90
33 91
33 92
33 93
33 94
33 95
33 96
33 97
33 98
33 99
34 35
34 36
34 37
34 38
34 39
34 40
34 41
34 44
34 47
34 48
34 49
34 50
34 52
34 53
34 54
34 55
34 58
34 59
34 60
34 61
34 62
34 64
34 65
34 67
34 68
34 70
34 71
34 73
34 74
34 75
34 76
34 77
34 78
34 79
34 80
34 81
34 84
34 85
34 86
34 87
34 91
34 93
34 94
34 97
35 37
35 38
35 46
35 47
35 48
35 49
35 50
35 51
35 52
35 56
35 58
35 59
35 61
35 63
35 66
35 68
35 69
35 70
35 71
35 76
35 79
35 80
35 81
35 82
35 84
35 86
35 87
35 88
35 89
35 90
35 92
35 94
35 99
36 39
36 40
36 42
36 43
36 44
36 47
36 48
36 50
36 56
36 58
36 59
36 60
36 61
36 63
36 65
36 66
36 67
36 77
36 79
36 81
36 84
36 86
36 88
36 92
36 94
36 98
37 40
37 41
37 43
37 47
37 48
37 49
37 53
37 54
37 55
37 61
37 63
37 65
37 67
37 72
37 81
37 88
37 94
38 41
38 46
38 47
38 49
38 50
38 53
38 55
38 65
38 79
38 86
39 41
40 41
40 42
40 49
40 52
40 56
40 60
40 61
40 66
40 69
40 71
40 74
40 75
40 78
40 80
40 86
40 89
40 91
40 93
40 95
41 42
41 43
41 44
41 46
41 47
41 48
41 49
41 50
41 51
41 52
41 53
41 54
41 55
41 56
41 57
41 58
41 59
41 60
41 61
41 62
41 63
41 65
41 66
41 67
41 68
41 69
41 70
41 71
41 72
41 73
41 74
41 75
41 76
41 77
41 78
41 79
41 80
41 81
41 82
41 83
41 84
41 85
41 86
41 87
41 88
41 89
41 90
41 91
41 92
41 93
41 94
41 95
41 96
41 97
41 98
41 99
42 46
42 48
42 64
42 81
42 98
42 99
43 62
43 64
43 77
43 78
43 80
43 83
43 91
43 97
44 45
44 47
44 50
44 57
44 59
44 60
44 65
44 70
44 72
44 74
44 84
44 86
44 88
44 89
44 96
44 99
45 46
45 47
45 48
45 49
45 50
45 51
45 52
45 53
45 54
45 55
45 56
45 57
45 58
45 59
45 60
45 61
45 62
45 63
45 64
45 66
45 67
45 68
45 69
45 70
45 71
45 72
45 73
45 75
45 76
45 77
45 78
45 79
45 80
45 81
45 82
45 83
45 84
45 85
45 86
45 87
45 88
45 89
45 90
45 91
45 92
45 94
45 95
45 96
45 97
45 98
46 48
46 49
46 51
46 54
46 55
46 59
46 61
46 63
46 64
46 66
46 69
46 70
46 72
46 73
46 75
46 76
46 77
46 78
46 79
46 80
46 81
46 83
46 85
46 86
46 88
46 89
46 91
46 92
46 94
46 95
46 96
46 97
46 98
46 99
47 48
47 49
47 50
47 51
47 52
47 53
47 54
47 55
47 56
47 57
47 58
47 59
47 60
47 62
47 63
47 64
47 65
47 66
47 67
47 68
47 69
47 70
47 71
47 72
47 73
47 74
47 75
47 76
47 77
47 78
47 79
47 80
47 81
47 82
47 83
47 84
47 85
47 86
47 87
47 88
47 89
47 90
47 91
47 92
47 93
47 94
47 95
47 96
47 97
47 98
47 99
48 53
48 54
48 59
48 63
48 65
48 71
48 73
48 76
48 85
48 93
48 98
49 52
49 57
49 63
49 82
49 88
49 97
50 51
50 52
50 54
50 55
50 57
50 58
50 59
50 60
50 61
50 62
50 63
50 64
50 65
50 68
50 69
50 70
50 71
50 72
50 73
50 74
50 75
50 78
50 80
50 82
50 83
50 86
50 87
50 90
50 92
50 93
50 94
50 96
50 98
50 99
51 53
51 55
51 59
51 60
51 61
51 62
51 63
51 64
51 68
51 70
51 71
51 73
51 77
51 78
51 79
51 81
51 84
51 85
51 86
51 87
51 88
51 89
51 91
51 92
51 93
51 96
51 97
51 98
52 53
52 54
52 65
52 69
52 71
52 74
52 75
52 76
52 77
52 78
52 80
52 81
52 82
52 84
52 85
52 86
52 89
52 90
52 93
52 95
52 97
52 98
53 56
53 67
53 69
53 77
53 85
53 93
54 55
54 59
54 60
54 61
54 63
54 66
54 67
54 71
54 80
54 84
54 90
54 91
54 92
54 95
54 96
54 97
55 56
55 57
55 58
55 59
55 60
55 61
55 62
55 63
55 64
55 65
55 66
55 67
55 68
55 69
55 70
55 71
55 72
55 73
55 74
55 75
55 76
55 77
55 78
55 79
55 80
55 81
55 82
55 84
55 85
55 86
55 87
55 88
55 89
55 90
55 91
55 92
55 93
55 94
55 95
55 96
55 97
55 98
55 99
56 57
56 58
56 59
56 62
56 63
56 66
56 67
56 70
56 71
56 73
56 74
56 80
56 81
56 83
56 90
56 98
57 58
57 59
57 61
57 63
57 64
57 67
57 68
57 70
57 72
57 74
57 81
57 86
57 92
57 94
57 95
57 98
58 61
58 62
58 65
58 66
58 67
58 68
58 69
58 71
58 73
58 74
58 75
58 76
58 78
58 83
58 85
58 86
58 87
58 89
58 90
58 92
58 93
58 97
58 98
58 99
59 60
59 61
59 62
59 63
59 64
59 65
59 67
59 68
59 69
59 70
59 71
59 72
59 73
59 74
59 75
59 76
59 77
59 78
59 79
59 80
59 81
59 82
59 83
59 84
59 85
59 87
59 88
59 90
59 91
59 92
59 93
59 95
59 96
59 97
59 98
59 99
60 67
60 72
60 86
60 89
60 95
60 97
60 98
61 62
61 63
61 64
61 65
61 66
61 67
61 68
61 69
61 70
61 71
61 72
61 73
61 74
61 75
61 76
61 78
61 79
61 81
61 82
61 84
61 85
61 88
61 89
61 90
61 91
61 93
61 94
61 95
61 96
61 97
61 99
62 65
62 71
62 82
62 96
63 65
63 66
63 67
63 68
63 70
63 71
63 73
63 75
63 76
63 77
63 78
63 79
63 80
63 81
63 82
63 84
63 85
63 88
63 89
63 90
63 91
63 93
63 94
63 97
63 98
63 99
64 65
64 66
64 84
64 89
64 91
65 66
65 67
65 68
65 69
65 70
65 71
65 72
65 73
65 74
65 75
65 76
65 77
65 78
65 79
65 80
65 81
65 82
65 83
65 84
65 85
65 86
65 87
65 88
65 89
65 90
65 91
65 92
65 93
65 94
65 95
65 96
65 97
65 98
65 99
66 67
66 69
66 75
66 78
66 79
66 85
66 87
66 88
66 92
66 93
66 94
66 99
67 70
67 71
67 73
67 74
67 75
67 77
67 82
67 85
67 86
67 87
67 88
67 89
67 91
67 92
67 93
67 94
67 96
67 98
68 74
68 76
68 91
68 92
69 70
69 72
69 73
69 74
69 76
69 77
69 78
69 80
69 82
69 83
69 85
69 87
69 88
69 89
69 90
69 91
69 92
69 93
69 94
69 96
69 97
69 98
70 72
70 74
70 76
70 78
70 79
70 83
70 85
70 88
70 89
70 90
70 93
70 95
70 96
70 97
70 99
71 73
71 74
71 77
71 80
71 93
71 95
72 73
72 76
72 77
72 78
72 80
72 81
72 83
72 86
72 87
72 88
72 89
72 90
72 91
72 93
72 95
72 97
72 98
72 99
73 75
73 78
73 79
73 83
73 84
73 89
73 90
73 96
73 98
74 83
75 76
75 81
75 87
75 94
75 97
76 83
76 86
76 87
76 92
76 93
76 95
76 97
76 99
77 78
77 79
77 80
77 85
77 87
77 89
77 90
77 91
77 97
78 79
78 80
78 82
78 83
78 84
78 85
78 86
78 87
78 89
78 91
78 93
78 94
78 95
78 96
78 97
78 98
79 80
79 81
79 82
79 83
79 84
79 85
79 86
79 90
79 91
79 92
79 93
79 94
79 95
79 96
79 99
80 82
80 83
80 84
80 85
80 86
80 87
80 88
80 89
80 90
80 91
80 92
80 93
80 94
80 95
80 96
80 97
80 98
80 99
81 82
81 83
81 84
81 85
81 86
81 87
81 89
81 90
81 91
81 92
81 93
81 94
81 95
81 97
81 98
81 99
82 83
82 84
82 89
82 91
82 97
83 85
83 87
83 89
83 90
83 92
83 93
83 95
83 96
83 98
83 99
84 85
84 87
84 89
84 90
84 91
84 92
84 93
84 94
84 95
84 96
84 98
84 99
85 88
85 91
85 95
85 97
86 87
86 89
86 90
86 91
86 92
86 93
86 94
86 95
86 96
86 98
86 99
87 92
88 91
88 95
89 90
89 91
89 92
89 93
89 94
89 95
89 96
89 97
89 98
89 99
90 95
91 92
91 93
91 96
91 97
91 98
92 93
93 96
94 95
94 96
94 97
94 98
94 99
95 97
96 97
97 98
98 99
